17
0.0000000000000000e+00
2.0000000000000000e+00
35
0.0000000000000000e+00
9.8999999999999999e-01
4.0670686969062775e-01
4.8008218491483784e-01
1.1541506641609356e-01
6.5703169278589046e-02
3.8202478120770073e-02
2.3949190538393950e-02
1.5721112719119100e-02
1.0664196092777471e-02
7.4227661114973417e-03
5.2723073057120845e-03
3.8059970362327882e-03
2.7836196572094980e-03
2.0576617978770766e-03
1.5344382717541612e-03
1.1526816890837168e-03
8.7130012842576740e-04
6.6213140456452321e-04
5.0551852398703057e-04
3.8752842225727455e-04
2.9815675630945587e-04
2.3014132873962618e-04
1.7816128513318782e-04
1.3828685388420087e-04
1.0759537541398019e-04
8.3899830401647758e-05
6.5554730297500929e-05
5.1315966692196133e-05
4.0238755424104154e-05
3.1602754961502656e-05
2.4856755989286099e-05
1.9577573243760100e-05
1.5439327953032839e-05
1.2190377211828661e-05
9.6359060314754395e-06
7.6247405250553930e-06
-6.8896207215428301e-02
-6.8259839213915444e-02
3.2833826355862907e-03
4.7737549936186074e-03
3.4172468514001905e-03
2.0912767569903775e-03
1.2917360037162870e-03
8.0086045956822118e-04
5.1241749314595521e-04
3.3986459334892690e-04
2.3361881139378785e-04
1.6557928213882891e-04
1.2017415816828194e-04
8.8734211206294757e-05
6.6314625749934673e-05
4.9980367397017241e-05
3.7901261039622415e-05
2.8877593077410352e-05
2.2088320366392265e-05
1.6952969720439015e-05
1.3051901916328210e-05
1.0077347986420348e-05
7.8014909375487302e-06
6.0546356284097900e-06
4.7097787724124897e-06
3.6714795363722589e-06
2.8677402569799511e-06
2.2440449341050395e-06
1.7589634629862367e-06
1.3808984908614941e-06
1.0856701566394457e-06
8.5471591106365999e-07
6.7374323716858035e-07
5.3171715909431227e-07
4.2009619348839673e-07
2.1191519576722960e-02
2.1994061709236266e-02
5.0549034746028617e-04
-6.7996605587727628e-04
-6.4603538616483632e-04
-4.5863178009800749e-04
-3.3442487754215119e-04
-2.3727798491395043e-04
-1.6768004772489562e-04
-1.1818285695655985e-04
-8.3454635858422967e-05
-5.9247945389069394e-05
-4.2408790409873130e-05
-3.0659730396701358e-05
-2.2403379994653442e-05
-1.6542195558771046e-05
-1.2331911919011500e-05
-9.2705043570276751e-06
-7.0186878144128111e-06
-5.3453000397966185e-06
-4.0908495051601233e-06
-3.1436153568265831e-06
-2.4240962071553227e-06
-1.8748700447176400e-06
-1.4539181035453269e-06
-1.1301568315054402e-06
-8.8038909706196471e-07
-6.8718180336037114e-07
-5.3735925692852423e-07
-4.2091737657420353e-07
-3.3023020473801304e-07
-2.5946448451699866e-07
-2.0414449010688794e-07
-1.6082648015693872e-07
-1.2685332406566513e-07
-8.8986323830348608e-03
-9.8632963472785086e-03
-1.2199191569583984e-03
-3.0743029858627021e-04
-6.1146416968067238e-05
6.2669443954520491e-06
3.6404976986110325e-05
4.2019634594448095e-05
3.8899161011015570e-05
3.2743078191954540e-05
2.6268408864315831e-05
2.0509053672050016e-05
1.5766798036546904e-05
1.2020126682737207e-05
9.1293439479333992e-06
6.9287476509331153e-06
5.2652061178853079e-06
4.0110041029961235e-06
3.0652065610317886e-06
2.3504762381007480e-06
1.8086138204235437e-06
1.3962464926581562e-06
1.0811809667780473e-06
8.3952571014990414e-07
6.5350483445032584e-07
5.0983797033057881e-07
3.9855372839798939e-07
3.1212558072144240e-07
2.4484413974448504e-07
1.9235708848850614e-07
1.5133348141015749e-07
1.1921386980970817e-07
9.4025562620471682e-08
7.4243737821200916e-08
5.8686477446602201e-08
4.2652782625558390e-03
4.9986455124204241e-03
1.0344031769249755e-03
4.3590443159068255e-04
2.0851559111314405e-04
1.1171767742526392e-04
5.8060428452292169e-05
3.0177390352025933e-05
1.5103626528297031e-05
7.0056798256593674e-06
2.7044339673299676e-06
4.9894662175351694e-07
-5.5719937305470519e-07
-9.9321780803889563e-07
-1.1059103577907731e-06
-1.0602185691971198e-06
-9.4604929051202485e-07
-8.1077097274787957e-07
-6.7793631368643700e-07
-5.5804851011253859e-07
-4.5469923818803475e-07
-3.6801447185096306e-07
-2.9654409341514509e-07
-2.3826375488645860e-07
-1.9107838136152059e-07
-1.5305387805621164e-07
-1.2250497249722936e-07
-9.8010347048512267e-08
-7.8395145345703069e-08
-6.2699894340207460e-08
-5.0147420731999130e-08
-4.0111298006251106e-08
-3.2088011917279682e-08
-2.5674136917777198e-08
-2.0546570727816789e-08
-2.1948279014906611e-03
-2.6882569769157679e-03
-7.2965584598813356e-04
-3.5878156374883523e-04
-1.9614519873773864e-04
-1.1813760002255051e-04
-7.2579706354785126e-05
-4.6017895866756867e-05
-2.9713427338792938e-05
-1.9463518347252643e-05
-1.2884967066917245e-05
-8.6039640992466259e-06
-5.7877254516007248e-06
-3.9191593137340690e-06
-2.6703121655692532e-06
-1.8301835724928370e-06
-1.2615264460443165e-06
-8.7431921547220718e-07
-6.0911199968716885e-07
-4.2641042995744887e-07
-2.9983159784599811e-07
-2.1165502064775298e-07
-1.4991173248541315e-07
-1.0647084183001355e-07
-7.5775535070778123e-08
-5.4004804145512283e-08
-3.8515196817974914e-08
-2.7466657684551266e-08
-1.9571020354606601e-08
-1.3921690642067102e-08
-9.8771630060167947e-09
-6.9817903740793760e-09
-4.9107848127834487e-09
-3.4315883681305194e-09
-2.3777368199343793e-09
1.1806879290360878e-03
1.4976247489316451e-03
4.8173456407512119e-04
2.5634973391431941e-04
1.4889002769298334e-04
9.4086496318630217e-05
6.1202267479025583e-05
4.1082396372117153e-05
2.8132851645011356e-05
1.9565508334231516e-05
1.3768367746703882e-05
9.7820813970402299e-06
7.0058259060996895e-06
5.0524781641961892e-06
3.6663820752796603e-06
2.6755956818319602e-06
1.9627820456592310e-06
1.4469331870383946e-06
1.0715873324892507e-06
7.9707517133137252e-07
5.9533275588141101e-07
4.4638321115176052e-07
3.3592638318811546e-07
2.5367048617193285e-07
1.9217156104317772e-07
1.4601861663651502e-07
1.1125959066893763e-07
8.4994872163986836e-08
6.5086922476085748e-08
4.9953769843417143e-08
3.8419047661709676e-08
2.9605200209967858e-08
2.2854743833187627e-08
1.7673336136883393e-08
1.3688339207721521e-08
-6.5520360154000057e-04
-8.5495203194116268e-04
-3.0930218345343930e-04
-1.7298038584092425e-04
-1.0412537709695364e-04
-6.7562224983235819e-05
-4.5235051291242558e-05
-3.1209811919170668e-05
-2.1962546144260280e-05
-1.5691380681192918e-05
-1.1341401615341483e-05
-8.2737086516870176e-06
-6.0817680543600452e-06
-4.4991261156210122e-06
-3.3465953418440177e-06
-2.5012685488958516e-06
-1.8774745229680726e-06
-1.4147136111901158e-06
-1.0698021546336919e-06
-8.1164089898180924e-07
-6.1766474993173323e-07
-4.7139611887161347e-07
-3.6073481332666298e-07
-2.7675184878990732e-07
-2.1282843878250929e-07
-1.6403839952270191e-07
-1.2670157968417527e-07
-9.8058567268171302e-08
-7.6033674772112592e-08
-5.9060243972083805e-08
-4.5952484071852199e-08
-3.5810082634848912e-08
-2.7947643772677803e-08
-2.1841934288836114e-08
-1.7092620154576777e-08
3.7230372752945746e-04
4.9735271593854082e-04
1.9632529336465030e-04
1.1374112265719023e-04
7.0151628697079680e-05
4.6285435812552192e-05
3.1517146693069662e-05
2.2083211778080341e-05
1.5774352532611578e-05
1.1436379357746897e-05
8.3866322317452764e-06
6.2066757827494707e-06
4.6276905142767433e-06
3.4718055988143308e-06
2.6182718952209513e-06
1.9834471169794434e-06
1.5084184436859869e-06
1.1511186076366278e-06
8.8116437910015719e-07
6.7640097716411416e-07
5.2054332066423980e-07
4.0153868147459766e-07
3.1041424655057876e-07
2.4045612774506347e-07
1.8661835583324868e-07
1.4509332091546994e-07
1.1299785408872145e-07
8.8141851470229293e-08
6.8856519421045501e-08
5.3867244796759014e-08
4.2197618151458698e-08
3.3098205037809895e-08
2.5992424671397233e-08
2.0435552535531679e-08
1.6084218274543026e-08
-2.1563103103707963e-04
-2.9386519488681500e-04
-1.2418662858066336e-04
-7.3937438547787759e-05
-4.6446743507713888e-05
-3.1009124622356326e-05
-2.1347658786386124e-05
-1.5100081614772928e-05
-1.0882316966454020e-05
-7.9570622214918327e-06
-5.8840456526609685e-06
-4.3907425537586008e-06
-3.3007944065987630e-06
-2.4967421318482597e-06
-1.8983746716267964e-06
-1.4498136911483192e-06
-1.1114790087919241e-06
-8.5494389174302644e-07
-6.5955302877913423e-07
-5.1014943764394618e-07
-3.9551680697394436e-07
-3.0729556677727821e-07
-2.3921634158414797e-07
-1.8655226955874982e-07
-1.4572258367217508e-07
-1.1400388377597564e-07
-8.9317230526327684e-08
-7.0070371344853041e-08
-5.5040548302989176e-08
-4.3286227637525407e-08
-3.4080582763320448e-08
-2.6861360672414581e-08
-2.1192895650979224e-08
-1.6736768328325771e-08
-1.3229729316972328e-08
1.2690584854250383e-04
1.7597190273064856e-04
7.8609951091987006e-05
4.7865170749747244e-05
3.0524354710520086e-05
2.0568910996798641e-05
1.4272858568479634e-05
1.0160615523392592e-05
7.3642410126231798e-06
5.4128704000599442e-06
4.0226658432615489e-06
3.0163594188185028e-06
2.2784903969411961e-06
1.7317337703285494e-06
1.3230406383160137e-06
1.0153039032460191e-06
7.8214247012659437e-07
6.0454348259311996e-07
4.6864499951429630e-07
3.6424074470868587e-07
2.8375159645833239e-07
2.2150858344099298e-07
1.7324380120075378e-07
1.3572692655075909e-07
1.0650065144022471e-07
8.3687681923639145e-08
6.5848647589147056e-08
5.1876048191106140e-08
4.0915384030822016e-08
3.2305147788608202e-08
2.5532643063058995e-08
2.0199135798020618e-08
1.5994097898529684e-08
1.2675264283343186e-08
1.0053214949991572e-08
-7.5725110509736911e-05
-1.0662166780712204e-04
-4.9901271409727540e-05
-3.0977867792530480e-05
-2.0016082126875409e-05
-1.3596255736702024e-05
-9.4950426186801708e-06
-6.7923779676498562e-06
-4.9430294812042565e-06
-3.6460385009617905e-06
-2.7182604086215471e-06
-2.0443347392595283e-06
-1.5486530676486989e-06
-1.1803155194977363e-06
-9.0425308819782035e-07
-6.9584794550790333e-07
-5.3754476814768244e-07
-4.1665793980978961e-07
-3.2391715922247243e-07
-2.5248185207681381e-07
-1.9726219815426388e-07
-1.5444334646546381e-07
-1.2114783305215806e-07
-9.5193078104231126e-08
-7.4915468066948422e-08
-5.9041196753881983e-08
-4.6591484565441614e-08
-3.6811307384913291e-08
-2.9116455023646202e-08
-2.3054030545829516e-08
-1.8271421869189609e-08
-1.4494102762056739e-08
-1.1507427668216502e-08
-9.1434165133339529e-09
-7.2705742408284060e-09
4.5734267940463659e-05
6.5281709511103041e-05
3.1800156151012436e-05
2.0082881868931624e-05
1.3132063541243004e-05
8.9861354525482985e-06
6.3112463224705072e-06
4.5337248018626251e-06
3.3103186761601391e-06
2.4483990850511948e-06
1.8296233813610438e-06
1.3788271545501194e-06
1.0464411341467876e-06
7.9892305875794645e-07
6.1306565947518988e-07
4.7252075270817923e-07
3.6559601813613699e-07
2.8382211352846031e-07
2.2099658703677064e-07
1.7253465950024912e-07
1.3501944376169366e-07
1.0588665886312454e-07
8.3199494731446720e-08
6.5487186561116998e-08
5.1627369607846849e-08
4.0759791194085541e-08
3.2222546929632216e-08
2.5504524894914009e-08
2.0209842744156868e-08
1.6031009692649899e-08
1.2728537410312844e-08
1.0115420515957431e-08
8.0455916999583650e-09
6.4042929579515976e-09
5.1016323354574727e-09
-2.7918425487304755e-05
-4.0347049891154662e-05
-2.0352582979573498e-05
-1.3054803710913247e-05
-8.6317132134542251e-06
-5.9483309564861854e-06
-4.2001269396539241e-06
-3.0290296197476219e-06
-2.2184243740062150e-06
-1.6448081988535382e-06
-1.2315795818943788e-06
-9.2968707131780737e-07
-7.0658197244439200e-07
-5.4012521895802012e-07
-4.1493486056502341e-07
-3.2013593926263405e-07
-2.4792825098004002e-07
-1.9264668611611283e-07
-1.5013424271152966e-07
-1.1731238701099101e-07
-9.1883255312493405e-08
-7.2120293986969901e-08
-5.6717684258875434e-08
-4.4683215488543295e-08
-3.5258815263154650e-08
-2.7863038587992182e-08
-2.2048389701830366e-08
-1.7468798662251642e-08
-1.3856417418888132e-08
-1.1002640305967339e-08
-8.7452608210177432e-09
-6.9574351746382648e-09
-5.5396983821040055e-09
-4.4145210097951681e-09
-3.5203713461445731e-09
1.7206674585736552e-05
2.5148160233158167e-05
1.3083625046685698e-05
8.5127943641377118e-06
5.6877396186541323e-06
3.9464815107146810e-06
2.8011772892599477e-06
2.0279338305715963e-06
1.4897063221430744e-06
1.1071603059456285e-06
8.3061973891362579e-07
6.2801763629139668e-07
4.7794393558070888e-07
3.6576074115754501e-07
2.8125367967893377e-07
2.1717560695592979e-07
1.6831204460432779e-07
1.3086628767934428e-07
1.0204586586394127e-07
7.9778922001577186e-08
6.2516506906860378e-08
4.9092917207249479e-08
3.8625830563793239e-08
3.0443715559231278e-08
2.4033366922728528e-08
1.9000788392713503e-08
1.5042456572263469e-08
1.1923708149646351e-08
9.4625281492642041e-09
7.5175163786713592e-09
5.9782386107258928e-09
4.7585954429016313e-09
3.7910671368079529e-09
3.0227124972378348e-09
2.4119127648706223e-09
-1.0696686288355738e-05
-1.5795420008926646e-05
-8.4474532437818994e-06
-5.5691846022580755e-06
-3.7580375488315391e-06
-2.6250301707969126e-06
-1.8728079950425240e-06
-1.3610670394186466e-06
-1.0028761845741845e-06
-7.4717033890459275e-07
-5.6167121300934122e-07
-4.2537648725740905e-07
-3.2417697401198760e-07
-2.4837643273713442e-07
-1.9117953680156962e-07
-1.4774727124018155e-07
-1.1458694345543453e-07
-8.9148508567670961e-08
-6.9552201407302848e-08
-5.4400282297639048e-08
-4.2646184863817622e-08
-3.3500864338244151e-08
-2.6366290440360047e-08
-2.0786885955548882e-08
-1.6414124706952376e-08
-1.2980075860569464e-08
-1.0278290082900977e-08
-8.1490664066097541e-09
-6.4683727986090554e-09
-5.1399099003937854e-09
-4.0883436837157555e-09
-3.2549771936059532e-09
-2.5937496924232092e-09
-2.0685375621573258e-09
-1.6509655742714466e-09
6.7019396156834255e-06
9.9905784762849342e-06
5.4770646779518644e-06
3.6553107751339559e-06
2.4898732342024288e-06
1.7505841415207999e-06
1.2552754495689773e-06
9.1580414817279768e-07
6.7688048318899366e-07
5.0556643097749769e-07
3.8084619626331575e-07
2.8893821425639505e-07
2.2052707160560970e-07
1.6917799864370568e-07
1.3036163315981154e-07
1.0084093810145562e-07
7.8271699421515353e-08
6.0938022056908663e-08
4.7571564997668523e-08
3.7227542895856708e-08
2.9196997326235007e-08
2.2944675986715056e-08
1.8064228065300627e-08
1.4245736898330909e-08
1.1251760347158138e-08
8.8996554452320057e-09
7.0484628142495194e-09
5.5892175458660643e-09
4.4371155428829536e-09
3.5262265210571761e-09
2.8051132620696453e-09
2.2335229523658355e-09
1.7800364453821171e-09
1.4196709921342889e-09
1.1331880025566689e-09
