12
2.0000000000000000e+00
2.0000000000000000e+01
37
0.0000000000000000e+00
9.8999999999999999e-01
2.7346752007484759e-01
3.4540093739446576e-01
1.1706035273586422e-01
7.2091762701483070e-02
4.3791383354796244e-02
2.7742497377081492e-02
1.8203668615267780e-02
1.2294739052610273e-02
8.5317114991058027e-03
6.0552320683275734e-03
4.3751878984348881e-03
3.2049877145854389e-03
2.3725077887688613e-03
1.7707283774366957e-03
1.3304854720653340e-03
1.0054516752070382e-03
7.6368645484035068e-04
5.8270268596669137e-04
4.4643920840144478e-04
3.4330715668721940e-04
2.6487742701478899e-04
2.0497525594592497e-04
1.5904621042643930e-04
1.2370853567276292e-04
9.6435244007244471e-05
7.5326992070089127e-05
5.8948673589298555e-05
4.6210901794235369e-05
3.6283327276402713e-05
2.8530733088656646e-05
2.2465580462991667e-05
1.7712555646475224e-05
1.3981940463366289e-05
1.1049521282278789e-05
8.7413688742515953e-06
6.9222652833593098e-06
5.4868747988138608e-06
-5.6010627197061194e-02
-5.9064137903879384e-02
-3.3108772948680929e-03
4.6536432114497976e-04
1.4838633108300251e-03
1.3725583478535527e-03
1.0697963657327688e-03
7.9808810981973021e-04
5.9227460189974104e-04
4.4098516275868979e-04
3.2908724661134456e-04
2.4549997037983697e-04
1.8288113302250078e-04
1.3615707916720714e-04
1.0151733466048782e-04
7.5964959457545348e-05
5.7142023964783462e-05
4.3239211716752132e-05
3.2910362871721015e-05
2.5179101893480060e-05
1.9347793567743476e-05
1.4919623286869883e-05
1.1538453561346286e-05
8.9457248129574780e-06
6.9509827756061189e-06
5.4121266824344079e-06
4.2221128173305131e-06
3.2997924819674479e-06
2.5834023539572240e-06
2.0258054586488974e-06
1.5909446794883815e-06
1.2511739925241108e-06
9.8524247177012629e-07
7.7677214322115594e-07
6.1310642459590622e-07
4.8444042637815942e-07
3.8316042171757062e-07
1.5051346099557938e-02
1.4821990577173132e-02
-8.0037733427101951e-04
-1.0540830789132509e-03
-7.8224773221179491e-04
-4.7258003417306727e-04
-2.7312229042348701e-04
-1.6099824651719894e-04
-1.0260666596921880e-04
-7.1551964422593564e-05
-5.3300471864221553e-05
-4.0956947908394185e-05
-3.1658007128439766e-05
-2.4331490324480167e-05
-1.8550842251458526e-05
-1.4062843044343579e-05
-1.0640951226438147e-05
-8.0660555005343716e-06
-6.1403978310901302e-06
-4.6997739869095124e-06
-3.6166107319739357e-06
-2.7962067919414570e-06
-2.1700412671821090e-06
-1.6889336670624753e-06
-1.3173818031292795e-06
-1.0293898407548133e-06
-8.0559783273034964e-07
-6.3136861814564232e-07
-4.9551429562687345e-07
-3.8942698140543488e-07
-3.0646156977903598e-07
-2.4148058770014714e-07
-1.9050849651742966e-07
-1.5046647606326987e-07
-1.1896687541738006e-07
-9.4155040025553116e-08
-7.4587398637193153e-08
-5.1110216945028999e-03
-4.8662367386706935e-03
5.3174875208772702e-04
4.8239485829829835e-04
2.9933137395512024e-04
1.5565501167347519e-04
7.6458273330444926e-05
3.7342867518245258e-05
2.0323873356278920e-05
1.3359593887962627e-05
1.0361580219469739e-05
8.6556099878499625e-06
7.2756998631737371e-06
5.9869700278174243e-06
4.7987134650047988e-06
3.7616996203145006e-06
2.9037542869908122e-06
2.2227533196453323e-06
1.6972629929341273e-06
1.2983291756580160e-06
9.9740032192000036e-07
7.7017585994708855e-07
5.9764966944420618e-07
4.6567367194752545e-07
3.6397272424695429e-07
2.8512544726023400e-07
2.2372667884143901e-07
1.7577541523573832e-07
1.3825647405143726e-07
1.0886287626052885e-07
8.5811153736462218e-08
6.7714732385102684e-08
5.3492869556337926e-08
4.2302916382500430e-08
3.3487787171370181e-08
2.6535012787311244e-08
2.1044662240387086e-08
1.9333564145467426e-03
1.8073569154830570e-03
-2.5371639337735453e-04
-2.0815559849114227e-04
-1.2068103993823239e-04
-5.9122408194388807e-05
-2.6993684246940707e-05
-1.1594025464187431e-05
-5.2022430439491363e-06
-2.8796927483472099e-06
-2.1605337654901287e-06
-1.9379928148372958e-06
-1.7891019686888119e-06
-1.5983188459481480e-06
-1.3661306278589079e-06
-1.1228584417709497e-06
-8.9560507836558593e-07
-6.9974295978554220e-07
-5.4008661907231012e-07
-4.1470076824550324e-07
-3.1843865434126012e-07
-2.4534778277180150e-07
-1.8996876204193635e-07
-1.4784482075444935e-07
-1.1557489407853585e-07
-9.0659057282069727e-08
-7.1287564305617828e-08
-5.6147574884614936e-08
-4.4273509435227203e-08
-3.4941422311226630e-08
-2.7598410482476225e-08
-2.1816236781295399e-08
-1.7260230117900280e-08
-1.3667852811394797e-08
-1.0832956622676804e-08
-8.5937256634651042e-09
-6.8231927167892513e-09
-7.7881969085798002e-04
-7.2097348406873201e-04
1.1394485663758863e-04
9.0480570909491544e-05
5.1397589591011690e-05
2.5034935125212648e-05
1.1428804092342099e-05
4.7595575020399651e-06
1.8743162453553902e-06
7.7430119656337203e-07
4.4131332756383105e-07
3.8736607836927002e-07
4.0053159181087819e-07
4.0396285493616390e-07
3.8092655584013419e-07
3.3728936925022858e-07
2.8408028609449184e-07
2.3054902922928349e-07
1.8235634232059744e-07
1.4195466567251288e-07
1.0963240321205187e-07
8.4520144638835066e-08
6.5314974612476869e-08
5.0705617807674990e-08
3.9568975137880464e-08
3.1024411644116182e-08
2.4415457493219974e-08
1.9264592460858374e-08
1.5226045299619205e-08
1.2046754398503734e-08
9.5379607594777815e-09
7.5558783565303180e-09
5.9890601525593175e-09
4.7501019418778802e-09
3.7700665689800137e-09
2.9944746883775583e-09
2.3802530586883073e-09
3.2702389850549566e-04
3.0139257501622928e-04
-5.0377973581064043e-05
-3.9884468567406731e-05
-2.2751269195935013e-05
-1.1342279916778756e-05
-5.3915779259436773e-06
-2.3399555348576309e-06
-9.1828456980399901e-07
-3.1436400953893837e-07
-9.9530862417288580e-08
-5.1825352432621061e-08
-6.2222797960820407e-08
-8.2197531394971330e-08
-9.4194926925746819e-08
-9.5193608051313606e-08
-8.7817562690756558e-08
-7.5909720826225185e-08
-6.2667104323530449e-08
-5.0135571033852637e-08
-3.9324636677164625e-08
-3.0523426882779258e-08
-2.3612360665016193e-08
-1.8294175317107822e-08
-1.4235104476313246e-08
-1.1135417330139913e-08
-8.7542475426533281e-09
-6.9097770659779526e-09
-5.4692468607851151e-09
-4.3366303737312773e-09
-3.4419795583148518e-09
-2.7333925443119308e-09
-2.1714492783427706e-09
-1.7256222908286571e-09
-1.3718925344261932e-09
-1.0912373472075574e-09
-8.6851293264654406e-10
-1.4143140709415528e-04
-1.3023706632421395e-04
2.2187078780710321e-05
1.7797882777072375e-05
1.0329224941051001e-05
5.3400184081498448e-06
2.6817791392756043e-06
1.2460795351846195e-06
5.2425425349460580e-07
1.8408482732135499e-07
4.2757663807115474e-08
-1.7395474829829580e-09
-4.8096232657771827e-09
5.3112442666468730e-09
1.5889637475582191e-08
2.2530855939089919e-08
2.4836351242998633e-08
2.3930559726979781e-08
2.1199724486739512e-08
1.7763813281548014e-08
1.4345609709139331e-08
1.1320332476164883e-08
8.8215649285472369e-09
6.8429010315943930e-09
5.3130873560277444e-09
4.1425682781024339e-09
3.2475356482268515e-09
2.5593128752705373e-09
2.0255684612057711e-09
1.6079539832965004e-09
1.2787842302018023e-09
1.0179709107510131e-09
8.1068862780937553e-10
6.4572084480904066e-10
5.1439389626222891e-10
4.0987298864033043e-10
3.2669567975050486e-10
6.2535089958502138e-05
5.7683661169878534e-05
-9.7658139977044854e-06
-8.0174961310759818e-06
-4.7665607586387471e-06
-2.5663950388233280e-06
-1.3630486018956299e-06
-6.7903204704422674e-07
-3.1085845365239607e-07
-1.2188259411016091e-07
-3.3568976161941073e-08
9.7962995031164654e-10
9.3482435026409828e-09
6.9854036526422570e-09
1.8029648903855222e-09
-2.7361420271933156e-09
-5.5720071546138050e-09
-6.7707783273632789e-09
-6.7966748398901152e-09
-6.1482035348969462e-09
-5.2132563227950619e-09
-4.2404097836485511e-09
-3.3612687161513615e-09
-2.6269991226666296e-09
-2.0419701780629454e-09
-1.5881460304193004e-09
-1.2403586642074884e-09
-9.7424249248214595e-10
-7.6948307831070423e-10
-6.1052836210072204e-10
-4.8594781390492262e-10
-3.8753581533295142e-10
-3.0933466026888393e-10
-2.4700399049007237e-10
-1.9723568826822433e-10
-1.5748229539705496e-10
-1.2574782838317978e-10
-2.8130630559415266e-05
-2.6040556337033907e-05
4.2983395249178727e-06
3.6370031217388142e-06
2.2225364286883620e-06
1.2461975136154400e-06
6.9703475403765583e-07
3.6962657109573808e-07
1.8276318063558078e-07
8.0036353442936239e-08
2.7597217276087688e-08
3.9745650317438264e-09
-4.3002788323051087e-09
-5.3186462799400017e-09
-3.5974688932106927e-09
-1.3924368461506468e-09
3.6634957273419834e-10
1.4481651942277522e-09
1.9356661669780428e-09
2.0099916028408915e-09
1.8471484969858259e-09
1.5795246027540083e-09
1.2910328134614940e-09
1.0263736097293492e-09
8.0365990851306117e-10
6.2553028575649062e-10
4.8710625080945758e-10
3.8096023832294816e-10
2.9973035797813831e-10
2.3721492181178589e-10
1.8863827868121848e-10
1.5050813556702993e-10
1.2032660622987376e-10
9.6291018127716936e-11
7.7077459214010747e-11
6.1704581712189524e-11
4.9387121427287373e-11
1.2829772473702759e-05
1.1934986401498869e-05
-1.8908297688988209e-06
-1.6581492480271559e-06
-1.0430891913186920e-06
-6.0789771892592117e-07
-3.5609812645616779e-07
-1.9928606006544334e-07
-1.0519157880391882e-07
-5.0492758322606471e-08
-2.0593863087927484e-08
-5.7217090182376101e-09
5.9047761591736960e-10
2.4491688734870525e-09
2.2997866212760053e-09
1.4770277953914455e-09
6.2247879540636593e-10
-1.9323395200664054e-11
-4.0683564945849585e-10
-5.8469161261866492e-10
-6.2050610714615803e-10
-5.7544362296481376e-10
-4.9423225433152544e-10
-4.0489334432638810e-10
-3.2229779996029082e-10
-2.5255259796393051e-10
-1.9668569448409877e-10
-1.5325857904351563e-10
-1.1997997176430961e-10
-9.4529783661510727e-11
-7.4939359853163131e-11
-5.9700428956461691e-11
-4.7713885505364092e-11
-3.8216659514046030e-11
-3.0640576172029999e-11
-2.4582470404164203e-11
-1.9719763103056148e-11
-5.9177028452620129e-06
-5.5376533582527622e-06
8.3047863135527285e-07
7.5857693742497095e-07
4.9148841895895500e-07
2.9693229865984483e-07
1.8119308410568029e-07
1.0619360718767375e-07
5.9205812576356330e-08
3.0592647864068690e-08
1.4070351318745110e-08
5.2188693559990753e-09
9.7675987816072330e-10
-6.9154074640274651e-10
-1.0626743868724660e-09
-8.8139084613162313e-10
-5.4310406861495643e-10
-2.2997615349783324e-10
-4.9618539423850631e-12
1.2796060362592892e-10
1.8842046282770251e-10
2.0090799155132050e-10
1.8645915255297065e-10
1.6007805695077832e-10
1.3105598816879889e-10
1.0426101299954516e-10
8.1662752800879944e-11
6.3585210313581906e-11
4.9551492275754973e-11
3.8806571713238659e-11
3.0575117788546888e-11
2.4247665059442801e-11
1.9325025240185048e-11
1.5465830646894565e-11
1.2403559914077015e-11
9.9556139378463290e-12
7.9907221235300796e-12
