12
8.0000000000000000e+01
6.0000000000000000e+02
42
0.0000000000000000e+00
9.8999999999999999e-01
1.1817723801436114e-01
1.6280308565158749e-01
7.5799498602336576e-02
5.2172749706761667e-02
3.5495550430543345e-02
2.4731949048237625e-02
1.7579671416761318e-02
1.2694925580577766e-02
9.2961009685825456e-03
6.8809884892675789e-03
5.1349876879469812e-03
3.8559411333735495e-03
2.9100251000206490e-03
2.2056848846209098e-03
1.6784350143174435e-03
1.2819286158235101e-03
9.8245249863790482e-04
7.5531930836522751e-04
5.8237198262284413e-04
4.5020122108861325e-04
3.4885715626090531e-04
2.7091768953075717e-04
2.1081621078467206e-04
1.6435640870010555e-04
1.2836067036374311e-04
1.0041344534557505e-04
7.8672328914400986e-05
6.1727880237849760e-05
4.8498919705268888e-05
3.8153935229632655e-05
3.0051861244733154e-05
2.3697312104681662e-05
1.8706640538446875e-05
1.4782127225448989e-05
1.1692294733341724e-05
9.2568478434633635e-06
7.3351228129411354e-06
5.8172029059335360e-06
4.6170702232468452e-06
3.6673150240709834e-06
2.9150396048195155e-06
2.3186822437508731e-06
-3.1692745936666766e-02
-4.1076769747805011e-02
-1.5249044648494007e-02
-9.2459821499442114e-03
-5.3367641705892709e-03
-3.0887681804578613e-03
-1.7814404063539071e-03
-1.0142857303203244e-03
-5.6642904700415970e-04
-3.0475236590842296e-04
-1.5222622349818723e-04
-6.4163747254803366e-05
-1.4499252764176922e-05
1.2181168338137101e-05
2.5161757411068429e-05
3.0120467093456242e-05
3.0552679616452485e-05
2.8598755563844024e-05
2.5545424705255007e-05
2.2141230130420840e-05
1.8799406418307426e-05
1.5728832231822298e-05
1.3017626216918724e-05
1.0685450774204830e-05
8.7154434441037099e-06
7.0731927656154798e-06
5.7176799109004253e-06
4.6073460122688961e-06
3.7032579434336997e-06
2.9705711652319124e-06
2.3790146408272214e-06
1.9028311179284507e-06
1.5204337905635908e-06
1.2139366335394265e-06
9.6864750754584496e-07
7.7257975558973182e-07
6.1600515479521800e-07
4.9106103456521741e-07
3.9141366210941249e-07
3.1197428236481601e-07
2.4866352553963032e-07
1.9821608227859627e-07
8.9967844837733901e-03
1.1243331753590203e-02
3.5331715541956779e-03
1.9286243990448227e-03
9.4375535657341175e-04
4.2722718493353774e-04
1.6084010135114648e-04
2.8184785170790974e-05
-3.2076341201496597e-05
-5.5014076433276597e-05
-5.9587674345346813e-05
-5.5806699794894850e-05
-4.8777677461965253e-05
-4.0998369884784093e-05
-3.3617973190639220e-05
-2.7104261566525204e-05
-2.1588477001105573e-05
-1.7041207964124530e-05
-1.3362103052390936e-05
-1.0426000897765926e-05
-8.1066007849322605e-06
-6.2880844775492334e-06
-4.8700111124421677e-06
-3.7684211668284589e-06
-2.9149030595769184e-06
-2.2547076633622075e-06
-1.7445664733601123e-06
-1.3505781714802909e-06
-1.0463368454485746e-06
-8.1135753363327315e-07
-6.2979347090421203e-07
-4.8941066038507510e-07
-3.8077750195051267e-07
-2.9663030360662569e-07
-2.3137779654091788e-07
-1.8071666999448119e-07
-1.4133450444387461e-07
-1.1068026683049511e-07
-8.6787872368185034e-08
-6.8140594056047387e-08
-5.3567368089443163e-08
-4.2162780866305171e-08
-3.0509235244089604e-03
-3.7146043585631512e-03
-1.0155872167746174e-03
-5.0306801673761863e-04
-2.0393807889193297e-04
-5.9713963463885667e-05
5.9646058294842474e-06
3.2326461042724900e-05
3.9174632086699728e-05
3.7288092629523260e-05
3.2119498555859935e-05
2.6271046619646338e-05
2.0858446447765518e-05
1.6263840861665676e-05
1.2535303363863416e-05
9.5869974088662002e-06
7.2930114441705466e-06
5.5274725731277279e-06
4.1792908065870047e-06
3.1558349655356522e-06
2.3822360329576886e-06
1.7992067142372318e-06
1.3605270346539464e-06
1.0306258258483765e-06
7.8241645398636848e-07
5.9544318045575284e-07
4.5434839713160970e-07
3.4764382513449815e-07
2.6675029475797266e-07
2.0526298377930022e-07
1.5839706413691902e-07
1.2257338051911475e-07
9.5110209977164604e-08
7.3994350048538329e-08
5.7711291405963784e-08
4.5118841082584462e-08
3.5353323230426346e-08
2.7759790306621795e-08
2.1840108232848378e-08
1.7214120002547362e-08
1.3590904917080850e-08
1.0747079769191268e-08
1.1230603545124851e-03
1.3398678099303418e-03
3.2374244162924946e-04
1.4575203354318952e-04
4.6513783198163624e-05
2.4316093419679033e-06
-1.5015283729685376e-05
-1.9961385930174565e-05
-1.9250343429286837e-05
-1.6430887385785869e-05
-1.3178676743167733e-05
-1.0204284669770044e-05
-7.7399623286521173e-06
-5.8007675010521588e-06
-4.3181555713454517e-06
-3.2030625893889402e-06
-2.3721889570690336e-06
-1.7564232389273266e-06
-1.3015315769964476e-06
-9.6610687328619274e-07
-7.1897386061634602e-07
-5.3685132007629153e-07
-4.0246119233772728e-07
-3.0305479386439387e-07
-2.2927647344147049e-07
-1.7429130780240308e-07
-1.3312032729399578e-07
-1.0214000210775166e-07
-7.8710295197131599e-08
-6.0902563213108344e-08
-4.7302295507228998e-08
-3.6867175373014246e-08
-2.8825445753183696e-08
-2.2602573080146926e-08
-1.7768713824616928e-08
-1.4000647685036724e-08
-1.1054013384023809e-08
-8.7431703255203092e-09
-6.9263431404644576e-09
-5.4946483149887345e-09
-4.3641680911233909e-09
-3.4699823824274387e-09
-4.3352107632104472e-04
-5.0867731901854305e-04
-1.0968923861555215e-04
-4.4754884799109690e-05
-1.0079781136308895e-05
4.0922069376014769e-06
8.8202163380812453e-06
9.3969415823953044e-06
8.2807804572747166e-06
6.6849945936348661e-06
5.1411796430840417e-06
3.8432773576746474e-06
2.8267138518519003e-06
2.0616155660468259e-06
1.4986786345777649e-06
1.0894498905802004e-06
7.9357011932491722e-07
5.7995824115291463e-07
4.2562711545656897e-07
3.1390696041559218e-07
2.3280590892766859e-07
1.7371783528754919e-07
1.3047045805468563e-07
9.8640789226979239e-08
7.5063532028136422e-08
5.7476124648862222e-08
4.4261121499993706e-08
3.4260060798145894e-08
2.6639638602878062e-08
2.0796703663110545e-08
1.6291330182673034e-08
1.2799854367330264e-08
1.0082157782798279e-08
7.9585795235991075e-09
6.2937361077492987e-09
4.9847959435907961e-09
3.9531864217866492e-09
3.1384666428005822e-09
2.4939349366695764e-09
1.9833299681500810e-09
1.5783140489403528e-09
1.2567715897093133e-09
1.7262921137267234e-04
1.9972221031632509e-04
3.8680730834803986e-05
1.4204807422787984e-05
1.6692027338482765e-06
-3.0249990369758177e-06
-4.2724764353511692e-06
-4.1054605247063368e-06
-3.4290603503497457e-06
-2.6673746709830858e-06
-1.9911107892802344e-06
-1.4505934060601719e-06
-1.0429107821578342e-06
-7.4572723317723012e-07
-5.3323237757599750e-07
-3.8267743683556709e-07
-2.7624003648425812e-07
-2.0081841988175053e-07
-1.4711365878614518e-07
-1.0863629259937032e-07
-8.0880202682870959e-08
-6.0710968994445105e-08
-4.5938954152210944e-08
-3.5028142019175410e-08
-2.6897400745306952e-08
-2.0783773468288766e-08
-1.6146769083613416e-08
-1.2601478917952010e-08
-9.8715793934250959e-09
-7.7567596967371835e-09
-6.1101537658226383e-09
-4.8227713270450931e-09
-3.8128469535750225e-09
-3.0183591118995167e-09
-2.3920006158409573e-09
-1.8972541276057346e-09
-1.5059282865474137e-09
-1.1960440336259461e-09
-9.5041768730094105e-10
-7.5562177661868210e-10
-6.0098988518844851e-10
-4.7821417215396168e-10
-7.0266799996423755e-05
-8.0307405525588101e-05
-1.4026932490231081e-05
-4.5834505315501484e-06
5.7891079053435637e-08
1.6389770722116252e-06
1.9367973411537990e-06
1.7455488014883382e-06
1.4040215389653698e-06
1.0623382280033116e-06
7.7512908805714376e-07
5.5365999136399686e-07
3.9128571869287214e-07
2.7581613905944267e-07
1.9508029568856982e-07
1.3900627686370233e-07
1.0002133386604144e-07
7.2745859068222124e-08
5.3483075709825300e-08
3.9732748490120132e-08
2.9809148156038312e-08
2.2569447585277484e-08
1.7231498166494964e-08
1.3254672533639338e-08
1.0261830977536278e-08
7.9879516182829311e-09
6.2452956185332122e-09
4.8997608756299008e-09
3.8544264171060169e-09
3.0383339464909636e-09
2.3987894020417146e-09
1.8961389289363107e-09
1.5002344663213323e-09
1.1878596056865383e-09
9.4112236813907974e-10
7.4601548027941044e-10
5.9165300996866649e-10
4.6944368304194299e-10
3.7261613793354321e-10
2.9589384872386337e-10
2.3503799803837373e-10
1.8678843160131322e-10
2.9072642063092047e-05
3.2870559479200804e-05
5.1910332196634032e-06
1.4831319125541283e-06
-2.6555486439599860e-07
-8.0168052834229636e-07
-8.5319573174411539e-07
-7.3453789472847464e-07
-5.7396343026679827e-07
-4.2490866192992229e-07
-3.0450313744017079e-07
-2.1419193345194418e-07
-1.4944826694391188e-07
-1.0430769599056570e-07
-7.3300239601817063e-08
-5.2091647911641667e-08
-3.7522176805575892e-08
-2.7407270212425171e-08
-2.0285210055993073e-08
-1.5193350748408582e-08
-1.1498772798527122e-08
-8.7814301315680122e-09
-6.7581959369529501e-09
-5.2350132668633609e-09
-4.0767969861970246e-09
-3.1883063446058644e-09
-2.5015463060233385e-09
-1.9674684344079606e-09
-1.5501488681628585e-09
-1.2229174977995000e-09
-9.6567197111373368e-10
-7.6305071831034139e-10
-6.0327981164083878e-10
-4.7717336749084091e-10
-3.7761106370127488e-10
-2.9897135175950128e-10
-2.3682330115985470e-10
-1.8767233552328582e-10
-1.4875875198328967e-10
-1.1797139030414161e-10
-9.3611658220646823e-11
-7.4343013617979372e-11
-1.2181904160064924e-05
-1.3641090042517381e-05
-1.9503107441535626e-06
-4.7446439993125174e-07
1.9300966476677436e-07
3.7434734353042443e-07
3.7080177985913240e-07
3.0810560833028634e-07
2.3518439308792665e-07
1.7104819804679779e-07
1.2082955459984269e-07
8.3995671800590850e-08
5.8066368987239932e-08
4.0272654742474891e-08
2.8218659195539038e-08
2.0067264999219279e-08
1.4511653946181049e-08
1.0668263971944991e-08
7.9590386679172270e-09
6.0118096585822611e-09
4.5870423537887249e-09
3.5285197268202610e-09
2.7320480073453949e-09
2.1263970304444787e-09
1.6617493312291115e-09
1.3026575292879982e-09
1.0234837882687254e-09
8.0545009216503465e-10
6.3458317180132708e-10
5.0036106417901436e-10
3.9476092409420308e-10
3.1157726177261168e-10
2.4602925027465177e-10
1.9436044628265803e-10
1.5362420651475247e-10
1.2148148121167030e-10
9.6105255360811452e-11
7.6071270446140366e-11
6.0254594081645700e-11
4.7761496301324122e-11
3.7874802920840322e-11
3.0066689851809483e-11
5.1562112921481602e-06
5.7237062494314439e-06
7.4108431635106874e-07
1.4722281345950190e-07
-1.1006267765576987e-07
-1.7061241853054491e-07
-1.6011826094898736e-07
-1.2924625064565909e-07
-9.6748391373864689e-08
-6.9341376307529790e-08
-4.8424516514391684e-08
-3.3364821886974992e-08
-2.2920531899129255e-08
-1.5843306696454233e-08
-1.1099453767131837e-08
-7.9169010680493520e-09
-5.7573554270906761e-09
-4.2635672096563745e-09
-3.2062145615963158e-09
-2.4404461297144371e-09
-1.8746783282900011e-09
-1.4499747136221257e-09
-1.1272828348853761e-09
-8.7984123677800379e-10
-6.8872733998232149e-10
-5.4030440671487741e-10
-4.2452750680718288e-10
-3.3392890430625725e-10
-2.6286649090427438e-10
-2.0703760040238227e-10
-1.6314251066265732e-10
-1.2860539293729884e-10
-1.0143236580503652e-10
-8.0037611669384420e-11
-6.3194752334234276e-11
-4.9927926829839501e-11
-3.9464019255250920e-11
-3.1208932503823826e-11
-2.4711774512349746e-11
-1.9602125699522957e-11
-1.5555422878029372e-11
-1.2344396683204934e-11
-2.2005334234212085e-06
-2.4233725262293948e-06
-2.8397636897993161e-07
-4.2879573700344559e-08
5.7024207772838967e-08
7.6701722804455134e-08
6.8948837400983090e-08
5.4307113762840490e-08
3.9980197483169561e-08
2.8307173470767974e-08
1.9589957818349621e-08
1.3411231887418132e-08
9.1781195133373737e-09
6.3378054804286208e-09
4.4484473328553259e-09
3.1871869125706467e-09
2.3326226401642854e-09
1.7400434856738290e-09
1.3179836334172705e-09
1.0096252202942473e-09
7.7959381527755697e-10
6.0528592343185367e-10
4.7175150181264990e-10
3.6868023241339979e-10
2.8869787544554315e-10
2.2642523798864084e-10
1.7778807023516380e-10
1.3972034585356304e-10
1.0986506091943354e-10
8.6412825771314111e-11
6.7999053319361846e-11
5.3544762428550849e-11
4.2209965413351123e-11
3.3284929850368116e-11
2.6245522291078347e-11
2.0704224488309184e-11
1.6354284658279584e-11
1.2953806869352621e-11
1.0271439965616651e-11
8.1511831814393339e-12
6.4629155819690273e-12
5.1102747579100205e-12
