7
2.0000000000000000e+01
8.0000000000000000e+01
49
9.8060000000000003e-01
9.9996099999999999e-01
1.2579420417301437e+00
-3.8957036986289295e-01
-8.1306264181221888e-02
-3.9498572153434046e-02
-2.3687035751339080e-02
-1.5782224272586340e-02
-1.1205779547225540e-02
-8.3028964249418045e-03
-6.3427592770645708e-03
-4.9577082088723403e-03
-3.9447822610563631e-03
-3.1838306020994345e-03
-2.5997382182768643e-03
-2.1434460803318573e-03
-1.7817445551017979e-03
-1.4914723368269415e-03
-1.2560640068973879e-03
-1.0634138616758830e-03
-9.0450939911906132e-04
-7.7253158190388946e-04
-6.6224731056453918e-04
-5.6958998574512464e-04
-4.9136416501101483e-04
-4.2503390425930096e-04
-3.6856865661737484e-04
-3.2032946348561409e-04
-2.7898381260844040e-04
-2.4344118824312511e-04
-2.1280375723627291e-04
-1.8632826652678543e-04
-1.6339633459130597e-04
-1.4349109647647057e-04
-1.2617869948022505e-04
-1.1109354177348350e-04
-9.7926415830236480e-05
-8.6414928554682339e-05
-7.6335716289872353e-05
-6.7498086122189305e-05
-5.9738794211305293e-05
-5.2917739439252126e-05
-4.6914397832305644e-05
-4.1624855350405582e-05
-3.6959331591093027e-05
-3.2840104811438856e-05
-2.9199768268307095e-05
-2.5979758775424311e-05
-2.3129112848713486e-05
-2.0603411609718137e-05
-1.8363883266759358e-05
1.2649689664318672e-01
-7.9271488341934815e-02
-1.1800833952853869e-02
-4.9833726739479615e-03
-2.8003989901996358e-03
-1.7864973288823000e-03
-1.2266826887894382e-03
-8.8452337436021244e-04
-6.6049626396530545e-04
-5.0630314246047207e-04
-3.9608142271827570e-04
-3.1492469803605220e-04
-2.5373388328236925e-04
-2.0669313222389460e-04
-1.6994225816865504e-04
-1.4083729385104562e-04
-1.1751853682268575e-04
-9.8647853565696659e-05
-8.3243312926562093e-05
-7.0571937654312984e-05
-6.0078311654873840e-05
-5.1335944160761464e-05
-4.4013458363384581e-05
-3.7850652024538214e-05
-3.2641269651762333e-05
-2.8220414910191095e-05
-2.4455236477150743e-05
-2.1237947608379175e-05
-1.8480535130086015e-05
-1.6110710488628766e-05
-1.4068781340164847e-05
-1.2305214055985981e-05
-1.0778714909110009e-05
-9.4547170742367078e-06
-8.3041708457984887e-06
-7.3025750795933280e-06
-6.4291946357861367e-06
-5.6664279198353793e-06
-4.9992892033304653e-06
-4.4149837585395191e-06
-3.9025614502087066e-06
-3.4526270533120566e-06
-3.0571018875406608e-06
-2.7090239691181008e-06
-2.4023827042347586e-06
-2.1319780253102113e-06
-1.8933032160817594e-06
-1.6824469642437918e-06
-1.4960084129171509e-06
-1.3690022581404095e-02
7.6142332024868266e-03
1.2830980335482637e-03
5.9948641634792975e-04
3.4694711060695508e-04
2.2424889171184323e-04
1.5536905947812174e-04
1.1283421333054877e-04
8.4756504800125758e-05
6.5297489784550260e-05
5.1304583428646888e-05
4.0947765765045910e-05
3.3102871198187615e-05
2.7047247985985053e-05
2.2298746864892291e-05
1.8525555317927977e-05
1.5493264094186141e-05
1.3032522678580643e-05
1.1018595839468036e-05
9.3580494896304139e-06
7.9798529769246348e-06
6.8292978517255717e-06
5.8637553112255757e-06
5.0496633058749760e-06
4.3603493894614973e-06
3.7744401859506422e-06
3.2746772241849625e-06
2.8470269938761247e-06
2.4800078134914416e-06
2.1641712617851176e-06
1.8917012949732708e-06
1.6560994198597965e-06
1.4519407695182217e-06
1.2746759565490125e-06
1.1204759265808442e-06
9.8610675803090900e-07
8.6882808348464871e-07
7.6630981061869032e-07
6.7656557506771697e-07
5.9789824604015700e-07
5.2885296095001560e-07
4.6817979272717004e-07
4.1480293785490574e-07
3.6779524073261160e-07
3.2635389055894654e-07
2.8978451970915676e-07
2.5748517421546038e-07
2.2893191535730842e-07
2.0366927549648480e-07
2.5568726458275021e-03
-1.3333434320197844e-03
-2.4633516299297749e-04
-1.1687483366732191e-04
-6.7824946018198599e-05
-4.4017840136042666e-05
-3.0614729336346662e-05
-2.2304338086654570e-05
-1.6798276355119951e-05
-1.2970338509123768e-05
-1.0210280176156554e-05
-8.1626727724821054e-06
-6.6085189160939647e-06
-5.4066637675428480e-06
-4.4627031255961755e-06
-3.7115280671095716e-06
-3.1070499379523262e-06
-2.6159124687654748e-06
-2.2135063419087576e-06
-1.8813675543954544e-06
-1.6054405042889275e-06
-1.3748846990245572e-06
-1.1812426328557373e-06
-1.0178468376870955e-06
-8.7939463015511683e-07
-7.6163110393673999e-07
-6.6111679943653946e-07
-5.7505323280026410e-07
-5.0114872937333126e-07
-4.3751533679254283e-07
-3.8258988543219035e-07
-3.3507317786019820e-07
-2.9387799265906528e-07
-2.5809295528868627e-07
-2.2695039210045088e-07
-1.9980179495535761e-07
-1.7609643617192303e-07
-1.5536622608850458e-07
-1.3721270537037814e-07
-1.2129384533315904e-07
-1.0731714601307513e-07
-9.5031062407607420e-08
-8.4219208538586278e-08
-7.4694121267887943e-08
-6.6294659015629193e-08
-5.8880621611841952e-08
-5.2329974611485172e-08
-4.6537505724721172e-08
-4.1411427804500154e-08
-5.7433851967903231e-04
2.8705033678547967e-04
5.6040933329387326e-05
2.6758376681865458e-05
1.5584804920012030e-05
1.0150344563833663e-05
7.0789507676348344e-06
5.1683870686543419e-06
3.8992951042961203e-06
3.0151358051705267e-06
2.3764945938147959e-06
1.9019754255326544e-06
1.5413250509479728e-06
1.2620946083437468e-06
1.0425476228522760e-06
8.6766968200223521e-07
7.2682117260293405e-07
6.1229113176714753e-07
5.1838323969675560e-07
4.4082113577186400e-07
3.7634530205755913e-07
3.2244018961521254e-07
2.7714056584592941e-07
2.3889788500086811e-07
2.0647742982939616e-07
1.7888869583675411e-07
1.5533128432504339e-07
1.3515267761888609e-07
1.1781809887347582e-07
1.0288702471630259e-07
8.9995291826784323e-08
7.8838472637366431e-08
6.9162931655550068e-08
6.0755657108477383e-08
5.3436933916758687e-08
4.7054732937443418e-08
4.1480851570763743e-08
3.6605469658217375e-08
3.2334489978218767e-08
2.8588639561632051e-08
2.5299161233575511e-08
2.2406954578153107e-08
1.9860964173275985e-08
1.7617860779161972e-08
1.5639239970363984e-08
1.3892236341851068e-08
1.2348585545999830e-08
1.0983532699819465e-08
9.7751613827940229e-09
1.4172345565724247e-04
-6.8607267697927074e-05
-1.3900796400502663e-05
-6.6732850563095949e-06
-3.9004348888478761e-06
-2.5474386490859229e-06
-1.7802849923786700e-06
-1.3019039739619221e-06
-9.8352220755712255e-07
-7.6135511614199772e-07
-6.0066177428415113e-07
-4.8112418621142652e-07
-3.9017859873912885e-07
-3.1970102685148400e-07
-2.6424162515015941e-07
-2.2003418092452891e-07
-1.8440581091458172e-07
-1.5541670848603457e-07
-1.3163442706648159e-07
-1.1198146783717494e-07
-9.5636496815378899e-08
-8.1965339060951980e-08
-7.0472394864616290e-08
-6.0765575821915571e-08
-5.2533489876807001e-08
-4.5526147907103376e-08
-3.9540875940501319e-08
-3.4412180282801598e-08
-3.0005240256320177e-08
-2.6208550654631937e-08
-2.2929035844885713e-08
-2.0090548673602501e-08
-1.7628387325915307e-08
-1.5488179054165210e-08
-1.3624585998992284e-08
-1.1999609057666717e-08
-1.0579980086362437e-08
-9.3376165724909648e-09
-8.2495892789542546e-09
-7.2949999765476762e-09
-6.4565706773021855e-09
-5.7190952901565180e-09
-5.0700021780965725e-09
-4.4978291947641636e-09
-3.9931031578102827e-09
-3.5476988273570827e-09
-3.1539521776254817e-09
-2.8054676571029605e-09
-2.4970693703179337e-09
-3.7030622484578480e-05
1.7469588519003020e-05
3.6370868558127837e-06
1.7551427552292246e-06
1.0290928798635254e-06
6.7365500127736595e-07
4.7158248529082385e-07
3.4532069661223447e-07
2.6115529683625686e-07
2.0234675830395992e-07
1.5976285892643158e-07
1.2805506379606193e-07
1.0391138359835188e-07
8.5186773249651980e-08
7.0442870784127207e-08
5.8683429576014252e-08
4.9200507317889463e-08
4.1481303184342348e-08
3.5145459452174767e-08
2.9907364679374979e-08
2.5549363119825469e-08
2.1903567814119579e-08
1.8836688403461845e-08
1.6246045876893886e-08
1.4048415746291191e-08
1.2177066370254094e-08
1.0578144535091500e-08
9.2080223825402283e-09
8.0304771290481062e-09
7.0152575519612871e-09
6.1386139885273430e-09
5.3795695374210464e-09
4.7208627044968746e-09
4.1483182986246169e-09
3.6498360446582275e-09
3.2149138961820288e-09
2.8348483253402585e-09
2.5025142628121765e-09
2.2111039632646277e-09
1.9553676281039941e-09
1.7308118086444281e-09
1.5334487408149339e-09
1.3592912466533014e-09
1.2062096771526404e-09
1.0711044508481442e-09
9.5158666995590907e-10
8.4594114830282022e-10
7.5259609167229473e-10
6.7000888945660279e-10
