17
0.0000000000000000e+00
2.0000000000000000e+00
84
9.8089999999999999e-01
9.9999099999999996e-01
8.1188473049844734e-01
-1.4854866357546889e-01
-4.1941136012395158e-02
-2.2572025890300367e-02
-1.4584484274479833e-02
-1.0368985900767357e-02
-7.8171978560335129e-03
-6.1315233879866097e-03
-4.9484733745166869e-03
-4.0804601634599497e-03
-3.4216027188059559e-03
-2.9079459064178951e-03
-2.4987487129617680e-03
-2.1669210131947106e-03
-1.8938020314629715e-03
-1.6661512586436723e-03
-1.4743346082164831e-03
-1.3111886167984604e-03
-1.1712856049168590e-03
-1.0504445765625212e-03
-9.4539748865687652e-04
-8.5355648014043912e-04
-7.7284831314495183e-04
-7.0159453801488009e-04
-6.3842337481907611e-04
-5.8220398346077256e-04
-5.3199679153826643e-04
-4.8701550865050733e-04
-4.4659775839769135e-04
-4.1018214361893666e-04
-3.7729016929226224e-04
-3.4751187070245670e-04
-3.2049429585485770e-04
-2.9593220653294390e-04
-2.7356051841808163e-04
-2.5314811462690386e-04
-2.3449275261477431e-04
-2.1741684718308666e-04
-2.0176395957956174e-04
-1.8739586031142771e-04
-1.7419005970280613e-04
-1.6203772222317278e-04
-1.5084189777255183e-04
-1.4051601545219213e-04
-1.3098259586020683e-04
-1.2217214625001715e-04
-1.1402220936971728e-04
-1.0647654175682819e-04
-9.9484401642437379e-05
-9.2999930214179456e-05
-8.6981612053582214e-05
-8.1391803606771534e-05
-7.6196320083344324e-05
-7.1364072358624670e-05
-6.6866747238985050e-05
-6.2678525393068148e-05
-5.8775831624910461e-05
-5.5137113553552992e-05
-5.1742645085827780e-05
-4.8574351367878965e-05
-4.5615652811907737e-05
-4.2851325688354222e-05
-4.0267377409943940e-05
-3.7850934623283130e-05
-3.5590142989811543e-05
-3.3474076804682255e-05
-3.1492657670340262e-05
-2.9636581244540148e-05
-2.7897251104099557e-05
-2.6266718607414584e-05
-2.4737628995100132e-05
-2.3303171968953052e-05
-2.1957037185082413e-05
-2.0693373738064429e-05
-1.9506753169416804e-05
-1.8392135826297976e-05
-1.7344840435583386e-05
-1.6360515838982734e-05
-1.5435115613073697e-05
-1.4564874728905315e-05
-1.3746288090932317e-05
-1.2976090782210439e-05
-1.2251240421892208e-05
-1.1568900446019656e-05
7.5921502538214530e-02
-3.2567244492214500e-02
-7.1088429173443348e-03
-3.5899816737905927e-03
-2.2286373922381216e-03
-1.5382008828761398e-03
-1.1331559047693092e-03
-8.7229265734988458e-04
-6.9304324964060426e-04
-5.6387885967636023e-04
-4.6736347116686739e-04
-3.9315144644347822e-04
-3.3475577284681389e-04
-2.8792382198106756e-04
-2.4976369059887942e-04
-2.1824748969029447e-04
-1.9191560026066170e-04
-1.6969356882261092e-04
-1.5077487785881090e-04
-1.3454367491988614e-04
-1.2052252567103750e-04
-1.0833628364800293e-04
-9.7686597921335436e-05
-8.8333600888679278e-05
-8.0082540605629676e-05
-7.2773877101662963e-05
-6.6275846572549216e-05
-6.0478811432416768e-05
-5.5290917857549792e-05
-5.0634723280256478e-05
-4.6444553890013646e-05
-4.2664414644725358e-05
-3.9246322174250260e-05
-3.6148966314616615e-05
-3.3336627138761441e-05
-3.0778291866165712e-05
-2.8446932238926041e-05
-2.6318908365946217e-05
-2.4373473982375178e-05
-2.2592365024826307e-05
-2.0959454984889927e-05
-1.9460464160848988e-05
-1.8082714946202566e-05
-1.6814923985031850e-05
-1.5647024622876252e-05
-1.4570015636762133e-05
-1.3575831528551305e-05
-1.2657230147574879e-05
-1.1807696203179837e-05
-1.1021357928149420e-05
-1.0292913821546615e-05
-9.6175693435748858e-06
-8.9909818226467896e-06
-8.4092115840848358e-06
-7.8686794034504975e-06
-7.3661292588133749e-06
-6.8985949386888033e-06
-6.4633708462557702e-06
-6.0579862511057204e-06
-5.6801821165287952e-06
-5.3278906170898317e-06
-4.9992170614293698e-06
-4.6924235929039080e-06
-4.4059143071419923e-06
-4.1382226555236961e-06
-3.8879996130400986e-06
-3.6540028717473677e-06
-3.4350878236578315e-06
-3.2301988405858385e-06
-3.0383614865983621e-06
-2.8586756601497339e-06
-2.6903094608115837e-06
-2.5324931157813892e-06
-2.3845142243036449e-06
-2.2457128807600809e-06
-2.1154773235405607e-06
-1.9932401603758224e-06
-1.8784749470088296e-06
-1.7706926896712752e-06
-1.6694391054312659e-06
-1.5742919605009439e-06
-1.4848584177799659e-06
-1.4007729017449681e-06
-1.3216951539667281e-06
-2.1591973987511764e-02
7.9714545133295032e-03
2.0315736746655062e-03
1.0143285465455437e-03
6.3199468365608279e-04
4.3844681998104237e-04
3.2446408882874482e-04
2.5074798097507532e-04
1.9989702789450072e-04
1.6312447655662682e-04
1.3555854953294791e-04
1.1430081818063846e-04
9.7529086576516255e-05
8.4045766637068416e-05
7.3034502406630085e-05
6.3921531879698542e-05
5.6292982667312087e-05
4.9843570885476299e-05
4.4343695260660132e-05
3.9617709219932535e-05
3.5529205119493349e-05
3.1970820172389355e-05
2.8857032696163392e-05
2.6118980309264462e-05
2.3700670572427305e-05
2.1556169992799393e-05
1.9647491408042117e-05
1.7942985396891053e-05
1.6416102890379566e-05
1.5044433561346618e-05
1.3808950724888227e-05
1.2693413202098245e-05
1.1683888877981182e-05
1.0768370589339014e-05
9.9364652650307221e-06
9.1791408618312779e-06
8.4885182137273421e-06
7.8576993617747462e-06
7.2806255175909837e-06
6.7519581511686038e-06
6.2669792704949517e-06
5.8215079743957732e-06
5.4118296109238962e-06
5.0346351026482747e-06
4.6869702517038411e-06
4.3661915740157581e-06
4.0699284202430518e-06
3.7960509503242219e-06
3.5426417634554223e-06
3.3079714591669505e-06
3.0904777312906586e-06
2.8887468435935615e-06
2.7014972982967343e-06
2.5275659851758418e-06
2.3658956265675189e-06
2.2155236581131118e-06
2.0755728012889339e-06
1.9452425475202679e-06
1.8238012379027867e-06
1.7105796320148381e-06
1.6049650296143532e-06
1.5063954001955968e-06
1.4143551413926838e-06
1.3283706451936595e-06
1.2480063338017520e-06
1.1728612991242086e-06
1.1025664247885303e-06
1.0367812429517198e-06
9.7519161041248308e-07
9.1750759285065667e-07
8.6346114847270999e-07
8.1280437055772519e-07
7.6530800511256224e-07
7.2075956754414966e-07
6.7896217795415243e-07
6.3973340152550986e-07
6.0290386454682480e-07
5.6831628818981175e-07
5.3582471805881120e-07
5.0529336175667434e-07
4.7659591164834137e-07
4.4961501115824241e-07
4.2424132767611344e-07
4.0037295517038936e-07
1.0046679702660802e-02
-3.2114537374101984e-03
-9.8828286280115826e-04
-4.9885310163673880e-04
-3.1059698721199933e-04
-2.1549276243242578e-04
-1.5951966275070886e-04
-1.2331424247509867e-04
-9.8331173727440112e-05
-8.0259144456036927e-05
-6.6707911835757911e-05
-5.6255165918775595e-05
-4.8006495286956956e-05
-4.1373912739325247e-05
-3.5956499658391288e-05
-3.1472406714273289e-05
-2.7718281011681760e-05
-2.4544091838753081e-05
-2.1836981031963685e-05
-1.9510596707221328e-05
-1.7497866870168830e-05
-1.5745993500186927e-05
-1.4212914415112120e-05
-1.2864756567220321e-05
-1.1673974679882002e-05
-1.0617970049913351e-05
-9.6780514698802728e-06
-8.8386448233963378e-06
-8.0866852400246705e-06
-7.4111433935123197e-06
-6.8026545525989620e-06
-6.2532248584799423e-06
-5.7559962894352742e-06
-5.3050581640533560e-06
-4.8952942042032042e-06
-4.5222578452550672e-06
-4.1820698362650074e-06
-3.8713341578234141e-06
-3.5870675697220015e-06
-3.3266413610140591e-06
-3.0877325868023718e-06
-2.8682824803323597e-06
-2.6664616780217259e-06
-2.4806408424399440e-06
-2.3093651150666493e-06
-2.1513325426830314e-06
-2.0053758214692679e-06
-1.8704459771946216e-06
-1.7455985347248911e-06
-1.6299818706339234e-06
-1.5228265757365494e-06
-1.4234361831941788e-06
-1.3311796451597710e-06
-1.2454840921668461e-06
-1.1658286023921247e-06
-1.0917391657235780e-06
-1.0227837108460057e-06
-9.5856775790516170e-07
-8.9873103448650914e-07
-8.4294393295876562e-07
-7.9090439862423923e-07
-7.4233580566166873e-07
-6.9698410976465244e-07
-6.5461591496096213e-07
-6.1501675357314139e-07
-5.7798911947316746e-07
-5.4335104587619538e-07
-5.1093491991786119e-07
-4.8058602335406635e-07
-4.5216138921247610e-07
-4.2552906560074956e-07
-4.0056691909463008e-07
-3.7716192308492237e-07
-3.5520939105716390e-07
-3.3461251219216473e-07
-3.1528119513555190e-07
-2.9713201695838392e-07
-2.8008765030520372e-07
-2.6407597608949478e-07
-2.4903022529221495e-07
-2.3488818985409384e-07
-2.2159197272011593e-07
-2.0908764741762601e-07
-1.9732514059267931e-07
-5.4060751227937957e-03
1.3746667924465221e-03
5.2176142066815789e-04
2.7903655451903315e-04
1.7718052150820851e-04
1.2421802776698960e-04
9.2593961960917172e-05
7.1940784668206542e-05
5.7588023092197322e-05
4.7148506523856512e-05
3.9285958802723171e-05
3.3199199484509205e-05
2.8381305715044186e-05
2.4497313673059064e-05
2.1317832076685517e-05
1.8680989630525782e-05
1.6469612352148881e-05
1.4597000266199985e-05
1.2997765935345274e-05
1.1621762719636867e-05
1.0429959080824942e-05
9.3915713159424108e-06
8.4820324275551507e-06
7.6815272324913957e-06
6.9739184867818849e-06
6.3459486093522710e-06
5.7866389722439185e-06
5.2868312169191007e-06
4.8388336697266825e-06
4.4361468950090803e-06
4.0732471417575677e-06
3.7454146855029436e-06
3.4485973604905943e-06
3.1792999707270913e-06
2.9344945135548222e-06
2.7115477476203638e-06
2.5081609347016024e-06
2.3223200697684728e-06
2.1522551133958365e-06
1.9964056950178301e-06
1.8533916920313475e-06
1.7219895999678451e-06
1.6011118288943951e-06
1.4897889312698654e-06
1.3871550557502177e-06
1.2924351914851292e-06
1.2049337614612728e-06
1.1240257136460030e-06
1.0491482543249559e-06
9.7979337468269249e-07
9.1550201767958869e-07
8.5585874016544351e-07
8.0048672138244174e-07
7.4904381374349710e-07
7.0121907826592199e-07
6.5672915649861758e-07
6.1531576096312300e-07
5.7674328593252506e-07
5.4079613464293933e-07
5.0727711699482876e-07
4.7600573555710207e-07
4.4681634341318283e-07
4.1955676552230688e-07
3.9408747941518227e-07
3.7027995427564898e-07
3.4801587616780902e-07
3.2718634088004216e-07
3.0769086783768747e-07
2.8943670741900517e-07
2.7233822380431091e-07
2.5631628428375956e-07
2.4129762621252786e-07
2.2721454994919504e-07
2.1400427612785537e-07
2.0160858184907560e-07
1.8997354798332881e-07
1.7904916570991917e-07
1.6878885363357994e-07
1.5914943798110922e-07
1.5009085601900488e-07
1.4157566733371344e-07
1.3356912412120099e-07
1.2603894534684969e-07
1.1895495632988775e-07
3.0829548937139099e-03
-5.5628377407240814e-04
-2.6355425740683038e-04
-1.5395525210000537e-04
-1.0166541958206313e-04
-7.2864240332894413e-05
-5.5118555817355313e-05
-4.3287269783879035e-05
-3.4940206861037422e-05
-2.8797573354862119e-05
-2.4127517050572213e-05
-2.0483979780544102e-05
-1.7580977438961195e-05
-1.5227456789485043e-05
-1.3291358298837044e-05
-1.1678742844915333e-05
-1.0321131993714132e-05
-9.1675408906120904e-06
-8.1793034617745425e-06
-7.3266178747354030e-06
-6.5861821257741475e-06
-5.9395417540945205e-06
-5.3719135209944541e-06
-4.8713315014199692e-06
-4.4280189205507008e-06
-4.0339199771672598e-06
-3.6823445450729380e-06
-3.3676968881849485e-06
-3.0852662296481248e-06
-2.8310626487213865e-06
-2.6016875606739593e-06
-2.3942313703345818e-06
-2.2061911190536526e-06
-2.0354035656725956e-06
-1.8799918390746968e-06
-1.7383207866658617e-06
-1.6089605486975018e-06
-1.4906568363031100e-06
-1.3823055786553661e-06
-1.2829318774317788e-06
-1.1916726582746065e-06
-1.1077618313651169e-06
-1.0305172176127887e-06
-9.5933041311943161e-07
-8.9365733960045113e-07
-8.3301024203213187e-07
-7.7695122790513976e-07
-7.2508637323463349e-07
-6.7706030659086430e-07
-6.3255231133429490e-07
-5.9127226533426952e-07
-5.5295721276696096e-07
-5.1736861143341360e-07
-4.8428969835453080e-07
-4.5352313609981044e-07
-4.2488918206033139e-07
-3.9822385393652915e-07
-3.7337719508357263e-07
-3.5021225175160560e-07
-3.2860354627360484e-07
-3.0843596498100704e-07
-2.8960401909263038e-07
-2.7201080869570758e-07
-2.5556712840753187e-07
-2.4019101178365709e-07
-2.2580690911623502e-07
-2.1234516528107997e-07
-1.9974155034814031e-07
-1.8793675677961020e-07
-1.7687591260795700e-07
-1.6650837590361571e-07
-1.5678728964896544e-07
-1.4766911229825870e-07
-1.3911364393238476e-07
-1.3108356682172530e-07
-1.2354422786456578e-07
-1.1646353836757516e-07
-1.0981156686399583e-07
-1.0356059477772125e-07
-9.7684744032984431e-08
-9.2160162566482670e-08
-8.6964330195746710e-08
-8.2076494516742619e-08
-7.7477242839494040e-08
-1.8098298807787934e-03
1.9004181471775670e-04
1.1934807113583886e-04
7.8540351952241538e-05
5.4985403958205593e-05
4.0774051437582614e-05
3.1554924224839560e-05
2.5197665012569412e-05
2.0602049769003944e-05
1.7156310366232799e-05
1.4497152263333878e-05
1.2396781953384393e-05
1.0705844143511636e-05
9.3227150064410697e-06
8.1760606114737031e-06
7.2144657061726685e-06
6.4000181233973511e-06
5.7042044901848933e-06
5.1052058718728290e-06
4.5860687974120284e-06
4.1334402849629792e-06
3.7366749322893992e-06
3.3871925302506376e-06
3.0780091662236133e-06
2.8033891994516952e-06
2.5585833682789518e-06
2.3396299582033989e-06
2.1432016225483279e-06
1.9664859297438574e-06
1.8070919508240778e-06
1.6629762873633141e-06
1.5323835007034996e-06
1.4137988221365850e-06
1.3059095185873732e-06
1.2075730056240379e-06
1.1177913610694175e-06
1.0356899861533309e-06
9.6049938259931905e-07
8.9154077670946766e-07
8.2821378445062713e-07
7.6998540149657362e-07
7.1638158394441647e-07
6.6697965725926708e-07
6.2140167653008691e-07
5.7930907972897933e-07
5.4039809075171993e-07
5.0439521728120361e-07
4.7105399223493708e-07
4.4015214225850511e-07
4.1148839022002112e-07
3.8488043704618086e-07
3.6016308791570995e-07
3.3718597546166411e-07
3.1581233115312281e-07
2.9591773883590301e-07
2.7738840732342155e-07
2.6012054729610170e-07
2.4401925302865097e-07
2.2899752869921324e-07
2.1497563299613205e-07
2.0188054300544961e-07
1.8964506335925163e-07
1.7820734099485006e-07
1.6751061872248497e-07
1.5750260565838926e-07
1.4813487986534491e-07
1.3936302941769259e-07
1.3114596588087936e-07
1.2344558242357224e-07
1.1622679121526464e-07
1.0945710169820531e-07
1.0310631644174606e-07
9.7146584410466174e-08
9.1552030375583701e-08
8.6298587035885671e-08
8.1363958801937025e-08
7.6727505262400935e-08
7.2369847868252545e-08
6.8273146055464133e-08
6.4420774169975788e-08
6.0797116625332842e-08
5.7387710907816327e-08
5.4179240856477956e-08
5.1158947396388147e-08
1.0818460824823699e-03
-3.4879717936260222e-05
-4.3136921194001066e-05
-3.4506912731341683e-05
-2.6462606777889132e-05
-2.0682827456200492e-05
-1.6571625255680440e-05
-1.3568166467942656e-05
-1.1307680760609595e-05
-9.5608750248734513e-06
-8.1805288853354135e-06
-7.0690956545691429e-06
-6.1598945348314738e-06
-5.4060338087079512e-06
-4.7737000766843531e-06
-4.2379652479252977e-06
-3.7800906379975992e-06
-3.3857457654519593e-06
-3.0438021179495463e-06
-2.7454995476909404e-06
-2.4838573255210525e-06
-2.2532508312587458e-06
-2.0491032482141307e-06
-1.8676564514712506e-06
-1.7057987142738225e-06
-1.5609344578562092e-06
-1.4308836939716109e-06
-1.3138032033563530e-06
-1.2081259736411508e-06
-1.1125123989457225e-06
-1.0258112601057857e-06
-9.4702888677655490e-07
-8.7530383433240415e-07
-8.0988596617114924e-07
-7.5011989328129697e-07
-6.9543093849769934e-07
-6.4531318068709295e-07
-5.9932030942799485e-07
-5.5705718670154492e-07
-5.1817289424580229e-07
-4.8235521219311545e-07
-4.4932554750529561e-07
-4.1883464165517638e-07
-3.9065919505140269e-07
-3.6459864054755641e-07
-3.4047222961470252e-07
-3.1811721925335938e-07
-2.9738659924573838e-07
-2.7814716905149594e-07
-2.6027825878729095e-07
-2.4367047821524134e-07
-2.2822408934290413e-07
-2.1384850258962608e-07
-2.0046113247235630e-07
-1.8798644539361219e-07
-1.7635547495176870e-07
-1.6550519850713356e-07
-1.5537773632432709e-07
-1.4592005138319675e-07
-1.3708357802888294e-07
-1.2882348983851665e-07
-1.2109861440583209e-07
-1.1387118205257790e-07
-1.0710615046775573e-07
-1.0077133245445275e-07
-9.4837112877549930e-08
-8.9275900571088995e-08
-8.4062294135633013e-08
-7.9172912854002376e-08
-7.4585872843767201e-08
-7.0281056357945996e-08
-6.6239828770880478e-08
-6.2444825298740316e-08
-5.8879868579921577e-08
-5.5530115657748045e-08
-5.2381604983374194e-08
-4.9421383662719388e-08
-4.6637521641857288e-08
-4.4018745128030466e-08
-4.1554605974942328e-08
-3.9235444962218611e-08
-3.7052206559812425e-08
-3.4996378822773354e-08
-3.3060138397094899e-08
-6.5554399116954658e-04
-2.3285003846569396e-05
6.2934513720582328e-06
1.0533994752066899e-05
9.9587785614637038e-06
8.6409048281353219e-06
7.3811997447978361e-06
6.3153079836841961e-06
5.4370888280467254e-06
4.7146706035010582e-06
4.1167465893168380e-06
3.6176552156452036e-06
3.1973682574146858e-06
2.8404394293029279e-06
2.5349365995138140e-06
2.2715773961368129e-06
2.0430741010137075e-06
1.8436484222676511e-06
1.6686744525736320e-06
1.5144137222759687e-06
1.3778177725306922e-06
1.2563807476986784e-06
1.1480263601703220e-06
1.0510216002215840e-06
9.6391098746223005e-07
8.8546400890590557e-07
8.1463419838318401e-07
7.5052724357261639e-07
6.9237485438123659e-07
6.3951359569181824e-07
5.9136874845306913e-07
5.4743976950095751e-07
5.0728926505071283e-07
4.7053383990663455e-07
4.3683610177279959e-07
4.0589806154623620e-07
3.7745619708955083e-07
3.5127648393354117e-07
3.2715036020974431e-07
3.0489197047941125e-07
2.8433507826184012e-07
2.6533042336121594e-07
2.4774414428105280e-07
2.3145561444535352e-07
2.1635596388293847e-07
2.0234703123640786e-07
1.8933990707217997e-07
1.7725378457424534e-07
1.6601546677663569e-07
1.5555835779892875e-07
1.4582175579434102e-07
1.3675036703338875e-07
1.2829369171399143e-07
1.2040546708919111e-07
1.1304343149483606e-07
1.0616890483940886e-07
9.9746197963705673e-08
9.3742745604477224e-08
8.8128539084171414e-08
8.2875847272222156e-08
7.7959303022246332e-08
7.3355452289393130e-08
6.9042607379788817e-08
6.5000767604494939e-08
6.1211519486107147e-08
5.7657668928902929e-08
5.4323467342722285e-08
5.1194258866102999e-08
4.8256400748697121e-08
4.5497362646128912e-08
4.2905460273177165e-08
4.0469715317126240e-08
3.8180141236540353e-08
3.6027349678669106e-08
3.4002523261015757e-08
3.2097643426705344e-08
3.0305091425138805e-08
2.8617721065094498e-08
2.7029101344795940e-08
2.5533096060657868e-08
2.4123878149480552e-08
2.2796159635741279e-08
2.1544946364713621e-08
2.0365555231507097e-08
4.0181880633737927e-04
3.9063376387345257e-05
9.1153134451225591e-06
1.2152718981904706e-06
-1.1891701610223448e-06
-1.9291732372218154e-06
-2.0944492281714319e-06
-2.0473043488128145e-06
-1.9221471350173436e-06
-1.7728554300057237e-06
-1.6219101230716298e-06
-1.4786076410430905e-06
-1.3464270493995093e-06
-1.2262178081484989e-06
-1.1176515754104882e-06
-1.0199044762516909e-06
-9.3198187934549463e-07
-8.5287411959814920e-07
-7.8162657453179344e-07
-7.1736768469336464e-07
-6.5931741323516603e-07
-6.0678464575390099e-07
-5.5916014976760015e-07
-5.1590894320123814e-07
-4.7656129220491622e-07
-4.4070441871238108e-07
-4.0797569332663827e-07
-3.7805570473339153e-07
-3.5066270609851836e-07
-3.2554767950263999e-07
-3.0249005422729217e-07
-2.8129397857929047e-07
-2.6178537126126340e-07
-2.4380886907374394e-07
-2.2722579694660559e-07
-2.1191202617957359e-07
-1.9775614514630155e-07
-1.8465799344749215e-07
-1.7252757657048497e-07
-1.6128351309584984e-07
-1.5085237612012457e-07
-1.4116774413164026e-07
-1.3216926770051802e-07
-1.2380231595682029e-07
-1.1601721003894653e-07
-1.0876858018510518e-07
-1.0201513976142585e-07
-9.5719262504362998e-08
-8.9846456744112656e-08
-8.4365196662850898e-08
-7.9246653014484932e-08
-7.4464281615506098e-08
-6.9993731843773381e-08
-6.5812775612145019e-08
-6.1900718780793994e-08
-5.8238621427851613e-08
-5.4809128350785512e-08
-5.1596055306726176e-08
-4.8584477770308276e-08
-4.5760792387411345e-08
-4.3112241945017219e-08
-4.0626969366903561e-08
-3.8294195956003767e-08
-3.6103793122287927e-08
-3.4046319361930619e-08
-3.2113185462452620e-08
-3.0296313015801399e-08
-2.8588104628785198e-08
-2.6981719602986883e-08
-2.5470596211914005e-08
-2.4048612376517336e-08
-2.2710330799252780e-08
-2.1450402046790801e-08
-2.0263881289552569e-08
-1.9146344642758493e-08
-1.8093490531559459e-08
-1.7101254047996030e-08
-1.6166076014247000e-08
-1.5284423510976254e-08
-1.4452986185257196e-08
-1.3668818631479275e-08
-1.2929121426123176e-08
-1.2231137001969215e-08
-1.1572451752612323e-08
-2.4884261758064563e-04
-3.7977762448212184e-05
-1.3728844052176145e-05
-6.0094031830769705e-06
-2.8781104623507302e-06
-1.4144473018008285e-06
-6.6328848987211722e-07
-2.5244590506389184e-07
-1.8557010134706848e-08
1.1719228028045321e-07
1.9580966296193865e-07
2.3995370077619087e-07
2.6275727513491601e-07
2.7212937886929843e-07
2.7298180743629766e-07
2.6844024426269189e-07
2.6053242834300333e-07
2.5059297148809395e-07
2.3950910979926643e-07
2.2787391290300366e-07
2.1608376745221217e-07
2.0440216154782704e-07
1.9300197679385269e-07
1.8199329688381188e-07
1.7144300756736989e-07
1.6138823344540803e-07
1.5184514308827686e-07
1.4281575097584860e-07
1.3429248098253203e-07
1.2626112991962895e-07
1.1870335202918082e-07
1.1159853080215242e-07
1.0492435353853860e-07
9.8658126535969696e-08
9.2777284516415165e-08
8.7259330284074370e-08
8.2082678939154746e-08
7.7226667181901825e-08
7.2671332162838130e-08
6.8397851084480251e-08
6.4388537890536781e-08
6.0626440543885928e-08
5.7095828910371254e-08
5.3782025588258780e-08
5.0670939139825136e-08
4.7749562283691094e-08
4.5005933867182532e-08
4.2428542679878164e-08
4.0006720250310212e-08
3.7730688415004430e-08
3.5591101441149734e-08
3.3579255564535499e-08
3.1687223961730982e-08
2.9907338419279303e-08
2.8232588904022028e-08
2.6656493645353283e-08
2.5172761724622588e-08
2.3775721313622149e-08
2.2460125163068891e-08
2.1220810501363911e-08
2.0053122431284891e-08
1.8952801489631763e-08
1.7915588639562207e-08
1.6937771706599959e-08
1.6015753418412789e-08
1.5146175225904661e-08
1.4325845061062664e-08
1.3551888413436330e-08
1.2821529216945287e-08
1.2132145929980259e-08
1.1481398022050236e-08
1.0866966406074837e-08
1.0286687690395202e-08
9.7386821377342044e-09
9.2209567276808495e-09
8.7318500198429315e-09
8.2696477525972015e-09
7.8327829256750046e-09
7.4198553029294451e-09
7.0295083935691864e-09
6.6603678972575666e-09
6.3113536325491564e-09
5.9812214811124708e-09
5.6689415758156813e-09
1.5556400625670497e-04
3.1426060082015847e-05
1.3459757011123510e-05
7.1719574214285137e-06
4.2884571334790233e-06
2.7618572926943759e-06
1.8739400219565528e-06
1.3205399339612573e-06
9.5705447301534658e-07
7.0841939563991456e-07
5.3281776143738882e-07
4.0557749531584961e-07
3.1144023451096134e-07
2.4059263410323864e-07
1.8651315548443077e-07
1.4474475234394566e-07
1.1216776356421995e-07
8.6553097177402318e-08
6.6278188439863270e-08
5.0143871273481671e-08
3.7251052435544544e-08
2.6916816294452733e-08
1.8617164993216580e-08
1.1945793099230684e-08
6.5846240968485875e-09
2.2829238341075784e-09
-1.1584287492645435e-09
-3.8989444869265241e-09
-6.0665895746174688e-09
-7.7650943055714988e-09
-9.0787570093428760e-09
-1.0076268822398299e-08
-1.0814053028297935e-08
-1.1338488498248866e-08
-1.1687653597652651e-08
-1.1893202288348234e-08
-1.1981465162113307e-08
-1.1974085116754197e-08
-1.1889202482812085e-08
-1.1741948395715459e-08
-1.1544874472687419e-08
-1.1308497494026868e-08
-1.1041607776099564e-08
-1.0751369933732652e-08
-1.0444002594680102e-08
-1.0124594578526632e-08
-9.7972574066840405e-09
-9.4655308517747495e-09
-9.1323389641424161e-09
-8.7999278172605408e-09
-8.4703461327022251e-09
-8.1451648480348338e-09
-7.8255623047759088e-09
-7.5126304501543218e-09
-7.2071695196875511e-09
-6.9096464266050767e-09
-6.6206598106705291e-09
-6.3404701232641083e-09
-6.0692426660747688e-09
-5.8071391848651409e-09
-5.5542347017133624e-09
-5.3104565973315658e-09
-5.0757411468554221e-09
-4.8500063211475779e-09
-4.6330140180170463e-09
-4.4246875752073436e-09
-4.2247760440117702e-09
-4.0330337753118827e-09
-3.8493229107374948e-09
-3.6733499061526289e-09
-3.5048288205507653e-09
-3.3435927878288207e-09
-3.1893551006524324e-09
-3.0418686247958997e-09
-2.9008511559101942e-09
-2.7661407022330336e-09
-2.6373877702762377e-09
-2.5144060880196957e-09
-2.3970631393084070e-09
-2.2849909921627159e-09
-2.1779970543766370e-09
-2.0759112178794160e-09
-1.9784880249604956e-09
-1.8855623310595920e-09
-9.8100060952660954e-05
-2.4131585481441628e-05
-1.1368326124769002e-05
-6.6568137892383588e-06
-4.3369075559656103e-06
-3.0208829374115864e-06
-2.2060258667516682e-06
-1.6685934551400892e-06
-1.2966568348201552e-06
-1.0293566382762364e-06
-8.3136323375894039e-07
-6.8104710090876216e-07
-5.6457099746279445e-07
-4.7275182547150899e-07
-3.9930251234065414e-07
-3.3980263396516041e-07
-2.9107225044058729e-07
-2.5077696973139282e-07
-2.1717310266519727e-07
-1.8893773803363986e-07
-1.6505276046284582e-07
-1.4472531630879634e-07
-1.2733080006814280e-07
-1.1237187440470266e-07
-9.9449479246857902e-08
-8.8240143585743338e-08
-7.8479872721273818e-08
-6.9951843527208953e-08
-6.2476503399704916e-08
-5.5904381340744203e-08
-5.0110525678163829e-08
-4.4989612793396091e-08
-4.0452696472825822e-08
-3.6424387617749490e-08
-3.2840141699275412e-08
-2.9644823736348477e-08
-2.6791093029379971e-08
-2.4238068353268627e-08
-2.1950368215181897e-08
-1.9897407308705615e-08
-1.8052326124362211e-08
-1.6391977168233047e-08
-1.4896024779745528e-08
-1.3546439719379464e-08
-1.2327585923587045e-08
-1.1225688258138125e-08
-1.0228397996603575e-08
-9.3250292720439375e-09
-8.5059718224006460e-09
-7.7626479048215266e-09
-7.0875921492647864e-09
-6.4740209961156416e-09
-5.9159047522157771e-09
-5.4079362201684524e-09
-4.9452721907278989e-09
-4.5236149672381704e-09
-4.1390847096783312e-09
-3.7882890727030564e-09
-3.4679803949688162e-09
-3.1754565263671834e-09
-2.9081419933034966e-09
-2.6637297146457847e-09
-2.4402165886694696e-09
-2.2357703904344761e-09
-2.0485868586535902e-09
-1.8772181304967058e-09
-1.7202613990729030e-09
-1.5764231834385831e-09
-1.4446171490806634e-09
-1.3238297946954656e-09
-1.2130414745859550e-09
-1.1114195263406721e-09
-1.0182496157417282e-09
-9.3275550408783126e-10
-8.5427417970572781e-10
-7.8229466589132288e-10
-7.1617165818926894e-10
-6.5545522302996831e-10
-5.9977731079296716e-10
-5.4865292881614923e-10
-5.0166024569700333e-10
-4.5857491423416814e-10
-4.1895985430625587e-10
-3.8259751154073615e-10
6.2362690934911604e-05
1.7789898818265491e-05
8.9068510786678939e-06
5.5277062070655042e-06
3.7880913996210082e-06
2.7553684028155613e-06
2.0890100304633931e-06
1.6333026257142692e-06
1.3076829289666926e-06
1.0668798751468885e-06
8.8381601141141138e-07
7.4146467983262672e-07
6.2866950808617506e-07
5.3786370766332074e-07
4.6376245821926505e-07
4.0258137560109260e-07
3.5155004765163267e-07
3.0860186116912990e-07
2.7216937556624067e-07
2.4104515662979219e-07
2.1428745650254322e-07
1.9115260478236779e-07
1.7104677459500209e-07
1.5349159986991756e-07
1.3809799200932734e-07
1.2454696831903967e-07
1.1257514445525001e-07
1.0196341136500839e-07
9.2528522695592609e-08
8.4116146224422144e-08
7.6595576910744599e-08
6.9855909866256811e-08
6.3802255521321426e-08
5.8352943481071428e-08
5.3437919616192609e-08
4.8996465101916311e-08
4.4975698099459504e-08
4.1329821529340078e-08
3.8018602183356405e-08
3.5006766461195002e-08
3.2263509074994255e-08
2.9761541494959075e-08
2.7476592262142844e-08
2.5387449506089721e-08
2.3475171574070123e-08
2.1722746307667292e-08
2.0115228882649619e-08
1.8639198601764028e-08
1.7282501983407409e-08
1.6034448659897294e-08
1.4885336577361948e-08
1.3826407000753259e-08
1.2849845589007024e-08
1.1948561790216405e-08
1.1116049185308128e-08
1.0346631457462110e-08
9.6350415701489872e-09
8.9763741101870177e-09
8.3664185116423435e-09
7.8012681025887421e-09
7.2772145999376738e-09
6.7910719205699991e-09
6.3398714561665740e-09
5.9207962546202075e-09
5.5314109182144645e-09
5.1694440559134099e-09
4.8327828825194349e-09
4.5195374728442014e-09
4.2279513050875703e-09
3.9563815003308276e-09
3.7033473168463670e-09
3.4675623538268257e-09
3.2476650300592780e-09
3.0425553901172779e-09
2.8511698894968392e-09
2.6724961340552351e-09
2.5056793838289571e-09
2.3498666597362881e-09
2.2042673493380176e-09
2.0681429837103347e-09
1.9409222275709611e-09
1.8218822667539289e-09
1.7105363716679232e-09
1.6063578473180161e-09
-3.9941281900224032e-05
-1.2804784374039008e-05
-6.6794302452712440e-06
-4.3114198665945534e-06
-3.0584692993975800e-06
-2.2911879874442560e-06
-1.7812081372664657e-06
-1.4230731956612331e-06
-1.1611272273464767e-06
-9.6337443910546374e-07
-8.1024538626869652e-07
-6.8917849671382286e-07
-5.9178743803874843e-07
-5.1228587028832116e-07
-4.4656980869355137e-07
-3.9165754086698573e-07
-3.4533744125266540e-07
-3.0593962330051327e-07
-2.7218238211517097e-07
-2.4306810157076459e-07
-2.1781046577111654e-07
-1.9578245465569795e-07
-1.7647898595480196e-07
-1.5948933095260143e-07
-1.4447669113800085e-07
-1.3116279642738333e-07
-1.1931580655220279e-07
-1.0874166567763403e-07
-9.9276778556652780e-08
-9.0782216879275231e-08
-8.3139913114305022e-08
-7.6248760189758223e-08
-7.0021448221570372e-08
-6.4382863825092896e-08
-5.9267912388565959e-08
-5.4619669179282159e-08
-5.0388662704032670e-08
-4.6531433383551809e-08
-4.3009713216826575e-08
-3.9789993772445107e-08
-3.6842465840660109e-08
-3.4140641618528362e-08
-3.1661270179648616e-08
-2.9383473828211836e-08
-2.7288506874423414e-08
-2.5359861293804153e-08
-2.3582589862497451e-08
-2.1943222761700355e-08
-2.0429788388221031e-08
-1.9031469184150684e-08
-1.7738390430796366e-08
-1.6541787012745687e-08
-1.5433573043329160e-08
-1.4406482815764043e-08
-1.3454011311379340e-08
-1.2570075890908882e-08
-1.1749255182340392e-08
-1.0986605594704260e-08
-1.0277589737885743e-08
-9.6179948744594640e-09
-9.0041730283806740e-09
-8.4325443615151644e-09
-7.8999326085369585e-09
-7.4035009622534361e-09
-6.9405459520333215e-09
-6.5085646532943179e-09
-6.1054330430496329e-09
-5.7289719591569801e-09
-5.3772277822933989e-09
-5.0485531492618406e-09
-4.7412695557719712e-09
-4.4538321060560109e-09
-4.1849568404167381e-09
-3.9332680895187347e-09
-3.6976200247661613e-09
-3.4769797415577546e-09
-3.2702397207481250e-09
-3.0764049599792167e-09
-2.8948148845100531e-09
-2.7244804770231157e-09
-2.5646824421704516e-09
-2.4147985047918175e-09
-2.2741219308880757e-09
-2.1419994967745491e-09
2.5759221697316499e-05
9.0847950792889359e-06
4.8745959548564835e-06
3.2335219169542859e-06
2.3516498140121267e-06
1.8003872794860805e-06
1.4260446622804196e-06
1.1578216582284212e-06
9.5804947441580009e-07
8.0477428359792341e-07
6.8435773558470341e-07
5.8790892694398942e-07
5.0940335964465174e-07
4.4462752501751008e-07
3.9055434807486650e-07
3.4495837849530011e-07
3.0617146868026764e-07
2.7292054959290699e-07
2.4421960865423973e-07
2.1929437491228300e-07
1.9752909111706345e-07
1.7842922599004277e-07
1.6159328023680063e-07
1.4669237820571521e-07
1.3345526631052623e-07
1.2165604761014938e-07
1.1110555718521828e-07
1.0164451850663675e-07
9.3137691378523077e-08
8.5470010922873227e-08
7.8542823172687278e-08
7.2271166894012788e-08
6.6581662409449928e-08
6.1410651636219587e-08
5.6702618746271012e-08
5.2409100950442993e-08
4.8487452229954372e-08
4.4900300725359273e-08
4.1614638201173425e-08
3.8601123926589689e-08
3.5833849397337263e-08
3.3289776826506914e-08
3.0948253553466023e-08
2.8790899984490368e-08
2.6801275526048774e-08
2.4964542297495847e-08
2.3267393140428923e-08
2.1697968850914704e-08
2.0245366657020456e-08
1.8899849899471889e-08
1.7652641740746731e-08
1.6495584480423354e-08
1.5421529293813107e-08
1.4423867334260125e-08
1.3496468273853158e-08
1.2633904443743268e-08
1.1831267294825305e-08
1.1083829582178761e-08
1.0387460348904261e-08
9.7384082375432269e-09
9.1330217971024361e-09
8.5681089430335016e-09
8.0408273414184935e-09
7.5483519745547288e-09
7.0881565731196160e-09
6.6580714016234011e-09
6.2558040352512029e-09
5.8794679112962608e-09
5.5273462769336335e-09
5.1975910161414453e-09
4.8887721690399823e-09
4.5994678405554716e-09
4.3283231997696132e-09
4.0740877876508102e-09
3.8357295716946126e-09
3.6120566658130494e-09
3.4021402156568718e-09
3.2051575074106960e-09
3.0201755372059028e-09
2.8464317375490431e-09
2.6832264279729241e-09
2.5298548335527843e-09
2.3856498625167902e-09
2.2501543369602081e-09
-1.6720719488121272e-05
-6.3904733670860472e-06
-3.4966213887280365e-06
-2.3636063319562865e-06
-1.7503099731266328e-06
-1.3621566274510304e-06
-1.0946451299293719e-06
-9.0007578904994828e-07
-7.5310024893952967e-07
-6.3886473153465228e-07
-5.4805882531861962e-07
-4.7454828304058425e-07
-4.1413153777892285e-07
-3.6383850159670593e-07
-3.2151310476221754e-07
-2.8555559099968497e-07
-2.5475528109058966e-07
-2.2818059386075319e-07
-2.0510434055014258e-07
-1.8495061405573718e-07
-1.6725878777874372e-07
-1.5165600270331753e-07
-1.3783764027812648e-07
-1.2555297674578356e-07
-1.1459356802423268e-07
-1.0478516440931629e-07
-9.5981098639608001e-08
-8.8056997281722835e-08
-8.0907097644689342e-08
-7.4440765220393836e-08
-6.8579867958739854e-08
-6.3257132793934964e-08
-5.8414021013398645e-08
-5.3999506195791548e-08
-4.9969085111794373e-08
-4.6283567545490936e-08
-4.2908481592946106e-08
-3.9813592741708361e-08
-3.6971806847784166e-08
-3.4359210019055400e-08
-3.1954691754026560e-08
-2.9739121814747990e-08
-2.7695497038935094e-08
-2.5808697680179490e-08
-2.4064923157800133e-08
-2.2451968594543184e-08
-2.0958791316343326e-08
-1.9575235752299734e-08
-1.8292330377087304e-08
-1.7101896171279389e-08
-1.5996352692650253e-08
-1.4969061681853952e-08
-1.4013886295509032e-08
-1.3125026028988442e-08
-1.2297536787944848e-08
-1.1526755589790821e-08
-1.0808234539538701e-08
-1.0138206735877984e-08
-9.5130572317742992e-09
-8.9294000811400589e-09
-8.3843202936606652e-09
-7.8750644982600273e-09
-7.3989033317389825e-09
-6.9536367122263901e-09
-6.5370534159578573e-09
-6.1470832673814888e-09
-5.7819659566994086e-09
-5.4399929652047175e-09
-5.1194874719451530e-09
-4.8190916277149969e-09
-4.5374162998697570e-09
-4.2731606278316476e-09
-4.0252606907238329e-09
-3.7925579107688536e-09
-3.5740330420842447e-09
-3.3688419989385969e-09
-3.1761070231900899e-09
-2.9949541594976613e-09
-2.8246666443822906e-09
-2.6646183340843148e-09
-2.5140377066327988e-09
-2.3724273916280722e-09
-2.2391730275104059e-09
-2.1137693912723061e-09
