7
6.0000000000000000e+02
2.0000000000000000e+03
60
9.8080000000000001e-01
9.9998100000000001e-01
2.4692880336455656e+00
-1.2295821901090060e+00
-2.1000675738983265e-01
-8.8384645456191860e-02
-5.0028932393947234e-02
-3.2703920059441532e-02
-2.3167331135856544e-02
-1.7265685150094228e-02
-1.3326548552725154e-02
-1.0555047676058117e-02
-8.5276035298323845e-03
-6.9991543494662646e-03
-5.8189054469257491e-03
-4.8894996935883736e-03
-4.1456000185783187e-03
-3.5419333710475934e-03
-3.0462727401866585e-03
-2.6351430651202325e-03
-2.2911000318364006e-03
-2.0009528879226801e-03
-1.7545729446770604e-03
-1.5440761004811615e-03
-1.3632503644086785e-03
-1.2071475382910912e-03
-1.0717871554747718e-03
-9.5393857517601498e-04
-8.5095842089730374e-04
-7.6066780025775744e-04
-6.8125850612169459e-04
-6.1122061471159184e-04
-5.4928606074712452e-04
-4.9438426730551838e-04
-4.4560697156590393e-04
-4.0218012480997651e-04
-3.6344128075903613e-04
-3.2882128511131821e-04
-2.9782934887321509e-04
-2.7004081393454691e-04
-2.4508706862862536e-04
-2.2264719166079913e-04
-2.0244099766549557e-04
-1.8422321894193090e-04
-1.6777861987967463e-04
-1.5291787766815107e-04
-1.3947409241854504e-04
-1.2729982569054354e-04
-1.1626457162721272e-04
-1.0625259715489691e-04
-9.7161087418700087e-05
-8.8898548699394163e-05
-8.1383433465693925e-05
-7.4542946660222331e-05
-6.8312013194934599e-05
-6.2632378450096205e-05
-5.7451824772354908e-05
-5.2723488459439993e-05
-4.8405257716239593e-05
-4.4459249904960579e-05
-4.0851349447568219e-05
-3.7550797971240569e-05
3.6645068456201013e-01
-2.5969616531004497e-01
-4.1866520381175595e-02
-1.4712474235660390e-02
-7.1460811973893361e-03
-4.2284632085324118e-03
-2.8167407438339474e-03
-2.0164346719224015e-03
-1.5118316661569960e-03
-1.1702559248475402e-03
-9.2741030631007489e-04
-7.4848206302024253e-04
-6.1299399820989977e-04
-5.0813774503134194e-04
-4.2552028729433001e-04
-3.5943788951100098e-04
-3.0589821866291121e-04
-2.6203706545898395e-04
-2.2575583352093978e-04
-1.9548852057610087e-04
-1.7004763339556125e-04
-1.4851979292522857e-04
-1.3019347496921960e-04
-1.1450803342949074e-04
-1.0101713940368343e-04
-8.9362135379922390e-05
-7.9252352292202361e-05
-7.0450391759904876e-05
-6.2760974952604410e-05
-5.6022415367817500e-05
-5.0100037146351334e-05
-4.4881031552569517e-05
-4.0270419696548801e-05
-3.6187852882895775e-05
-3.2565053081872974e-05
-2.9343761368250096e-05
-2.6474071648306446e-05
-2.3913081092741351e-05
-2.1623781111022136e-05
-1.9574144332793715e-05
-1.7736373553490476e-05
-1.6086273223442235e-05
-1.4602727629673700e-05
-1.3267263188407149e-05
-1.2063677801565067e-05
-1.0977733108963997e-05
-9.9968858689055247e-06
-9.1100666869725411e-06
-8.3074886454742291e-06
-7.5804802757196106e-06
-6.9213485252899231e-06
-6.3232547147649452e-06
-5.7801116472722537e-06
-5.2864924044150479e-06
-4.8375510624320933e-06
-4.4289574993066492e-06
-4.0568332551953282e-06
-3.7177036127177181e-06
-3.4084523495502893e-06
-3.1262756211586065e-06
-3.3521191155323524e-02
2.3652257994892321e-02
3.2847297948614845e-03
1.1396348029667773e-03
6.0721297351255202e-04
3.9539634944382588e-04
2.8055960683389194e-04
2.0816654006399683e-04
1.5916932287843690e-04
1.2460034676804263e-04
9.9447165921095831e-05
8.0667266702204868e-05
6.6330154181857138e-05
5.5171790647235912e-05
4.6341660211792892e-05
3.9252866004272934e-05
3.3490826244155193e-05
2.8756325225281141e-05
2.4829172984840759e-05
2.1544482261490439e-05
1.8776836484577254e-05
1.6429494982674672e-05
1.4426894442993140e-05
1.2709347195716931e-05
1.1229218018283748e-05
9.9481361818787386e-06
8.8349398235155661e-06
7.8641184616076392e-06
7.0146431128455052e-06
6.2690709131116471e-06
5.6128404636484823e-06
5.0337343096216176e-06
4.5214461185666306e-06
4.0672412199131984e-06
3.6636860803775460e-06
3.3044256950870434e-06
2.9840094349197086e-06
2.6977427628437104e-06
2.4415705829192784e-06
2.2119793600046013e-06
2.0059134550873337e-06
1.8207116276990071e-06
1.6540471306369534e-06
1.5038816658180235e-06
1.3684265671085390e-06
1.2461060356629960e-06
1.1355321208583908e-06
1.0354778184517626e-06
9.4485629693849918e-07
8.6270582494452768e-07
7.8816999938535832e-07
7.2048723751640369e-07
6.5897985658587093e-07
6.0304222229496752e-07
5.5213398400295446e-07
5.0577031696457104e-07
4.6351848994234748e-07
4.2498948051592005e-07
3.8983222046812578e-07
3.5773523421529301e-07
5.2690085629287725e-03
-3.6537987169806890e-03
-4.7981272457834636e-04
-1.7858502346753004e-04
-1.0238130857244439e-04
-6.8395110943626083e-05
-4.8581043674614836e-05
-3.5867610544840095e-05
-2.7312097545313731e-05
-2.1336576742398560e-05
-1.7022241722837287e-05
-1.3815103471305665e-05
-1.1370987001301000e-05
-9.4690707514296549e-06
-7.9629586181576941e-06
-6.7525592009660900e-06
-5.7675092740763649e-06
-4.9571300148237169e-06
-4.2841426447349928e-06
-3.7206197525556325e-06
-3.2452979708577091e-06
-2.8417575315040251e-06
-2.4971619385295148e-06
-2.2013561858048397e-06
-1.9462264228946409e-06
-1.7252346217912339e-06
-1.5330591306501524e-06
-1.3653439725355251e-06
-1.2184947156376318e-06
-1.0895233873415126e-06
-9.7593789544076395e-07
-8.7564324659350497e-07
-7.8687088670146132e-07
-7.0812124868547077e-07
-6.3811737308201343e-07
-5.7576701472677973e-07
-5.2013133410552448e-07
-4.7040237886739861e-07
-4.2588240337032527e-07
-3.8596417002511054e-07
-3.5012226512809883e-07
-3.1789629328574387e-07
-2.8888481780961006e-07
-2.6273577415236344e-07
-2.3913931776872128e-07
-2.1782431529907501e-07
-1.9854962482714880e-07
-1.8110236964719645e-07
-1.6529573235983755e-07
-1.5096159974842767e-07
-1.3795229570426179e-07
-1.2613599141180699e-07
-1.1539441914493089e-07
-1.0562336770657290e-07
-9.6727849741054910e-08
-8.8624661798712182e-08
-8.1237932630937036e-08
-7.4500162779605727e-08
-6.8351617508321282e-08
-6.2735924292263612e-08
-1.0062489657597287e-03
6.8543952556157672e-04
8.8644324789893304e-05
3.5258369799328360e-05
2.0851862890156108e-05
1.3922266486404256e-05
9.8254789280061893e-06
7.2260944877576474e-06
5.4973435228368016e-06
4.2975511937066343e-06
3.4328653057849942e-06
2.7897107217714369e-06
2.2988596543399411e-06
1.9162973076934848e-06
1.6129228295948212e-06
1.3688185142988969e-06
1.1699557806391356e-06
1.0062076962509441e-06
8.7011232297533277e-07
7.5606961228232936e-07
6.5981132296044982e-07
5.7804029720879677e-07
5.0817109989437779e-07
4.4816157008644452e-07
3.9637866753371243e-07
3.5150024092704396e-07
3.1245727656990192e-07
2.7836937551559269e-07
2.4850881577759439e-07
2.2227355051587822e-07
1.9915934300782345e-07
1.7874234293889091e-07
1.6066467253681445e-07
1.4462286672036269e-07
1.3035813056893695e-07
1.1764877215379825e-07
1.0630492978886098e-07
9.6162966481381418e-08
8.7080167312564825e-08
7.8935005450176336e-08
7.1618856929876258e-08
6.5039433063118036e-08
5.9115084056109988e-08
5.3773806033639080e-08
4.8953385563478777e-08
4.4597719536596775e-08
4.0658105838444592e-08
3.7091481262134617e-08
3.3858927293837264e-08
3.0927929894967446e-08
2.8267067855898089e-08
2.5849394438494526e-08
2.3651606757649887e-08
2.1651571619917619e-08
1.9831180547595529e-08
1.8171888357930133e-08
1.6659574642037310e-08
1.5280266952829858e-08
1.4020466497438781e-08
1.2870188793887581e-08
2.1277818460600754e-04
-1.4257095133662472e-04
-1.8498646675620264e-05
-7.7353195116574335e-06
-4.6250177798881039e-06
-3.0713568200205156e-06
-2.1581382025431836e-06
-1.5856335527674574e-06
-1.2073003843228002e-06
-9.4503911826408452e-07
-7.5580423030132066e-07
-6.1481081208171069e-07
-5.0704182756632980e-07
-4.2295046939946319e-07
-3.5620330356444046e-07
-3.0245596233511634e-07
-2.5864145420600050e-07
-2.2254210768264140e-07
-1.9252159408839640e-07
-1.6735313775885507e-07
-1.4610094017922184e-07
-1.2803692036674030e-07
-1.1259702795611168e-07
-9.9330935808802863e-08
-8.7877490058105445e-08
-7.7949520113931939e-08
-6.9309140841526367e-08
-6.1762419513852702e-08
-5.5150259438619204e-08
-4.9338639472307229e-08
-4.4217066192196612e-08
-3.9692305494266208e-08
-3.5684905176486307e-08
-3.2127694209507998e-08
-2.8963729673024703e-08
-2.6144986966685069e-08
-2.3627730994849704e-08
-2.1376747891327449e-08
-1.9361062226673673e-08
-1.7552226420424565e-08
-1.5927731063988289e-08
-1.4466677053243111e-08
-1.3150703738465450e-08
-1.1964272187206333e-08
-1.0892854086698501e-08
-9.9250172706758435e-09
-9.0493573024027746e-09
-8.2562384269032929e-09
-7.5378415359393550e-09
-6.8859850361645959e-09
-6.2943623436819751e-09
-5.7563915207586015e-09
-5.2673494581631326e-09
-4.8228914178328623e-09
-4.4174474652031416e-09
-4.0486054574517074e-09
-3.7119880658228707e-09
-3.4044674999504167e-09
-3.1245700274023894e-09
-2.8684205893874900e-09
-4.7909795160428352e-05
3.1627095575127118e-05
4.1526472872323843e-06
1.7999565473490334e-06
1.0787852791041285e-06
7.1276558882136243e-07
4.9978093644859791e-07
3.6736040736137519e-07
2.8004650658388713e-07
2.1946211152175214e-07
1.7567423108962655e-07
1.4300159394398101e-07
1.1800354218658605e-07
9.8482499758966328e-08
8.2977929314687799e-08
7.0487044252820093e-08
6.0299310443765354e-08
5.1900756579514721e-08
4.4914011628346313e-08
3.9055080541045445e-08
3.4104248510858976e-08
2.9896076977743547e-08
2.6297351860494359e-08
2.3203739613257879e-08
2.0533713152148659e-08
1.8217388091908205e-08
1.6200957095521259e-08
1.4440328210756102e-08
1.2896183579631105e-08
1.1539135719937672e-08
1.0343147841994659e-08
9.2864728525976687e-09
8.3498004013013350e-09
7.5183848869017838e-09
6.7795414537611964e-09
6.1199962597861993e-09
5.5318913389042824e-09
5.0052731031076458e-09
4.5336243252063303e-09
4.1108499022772370e-09
3.7307253720170537e-09
3.3888096166140255e-09
3.0811696782237622e-09
2.8030220307939191e-09
2.5524832152895804e-09
2.3259308429467541e-09
2.1210227681739582e-09
1.9352640929224634e-09
1.7667927398560657e-09
1.6141978987141930e-09
1.4755563457699111e-09
1.3498760075612483e-09
1.2352323756766168e-09
1.1309921472265241e-09
1.0362766405524098e-09
9.4934242677824258e-10
8.7031296392157976e-10
7.9907964965444405e-10
7.3287007932150378e-10
6.7291015723173151e-10
