10
2.0000000000000000e+00
2.0000000000000000e+01
84
9.8089999999999999e-01
9.9999099999999996e-01
1.0124268360844786e+00
-2.4908389919796223e-01
-6.1475006921860004e-02
-3.2145240808103298e-02
-2.0404581441127220e-02
-1.4327587277811416e-02
-1.0700950890243675e-02
-8.3315547781329258e-03
-6.6834451024110394e-03
-5.4831848636901475e-03
-4.5778970967748338e-03
-3.8759841142511292e-03
-3.3195044150405740e-03
-2.8701685135885157e-03
-2.5017463886316338e-03
-2.1957193086427082e-03
-1.9386734647913243e-03
-1.7206761774097481e-03
-1.5342301951458328e-03
-1.3735806480282319e-03
-1.2342440166782775e-03
-1.1126807964191416e-03
-1.0060634716176830e-03
-9.1210910800029071e-04
-8.2895662070946717e-04
-7.5507548533102604e-04
-6.8919693553692049e-04
-6.3026148074530751e-04
-5.7737842920452796e-04
-5.2979434982729115e-04
-4.8686826885230023e-04
-4.4805199178253558e-04
-4.1287436498934661e-04
-3.8092859375279974e-04
-3.5186195073190610e-04
-3.2536736996058589e-04
-3.0117653778113983e-04
-2.7905418135658301e-04
-2.5879332240757601e-04
-2.4021131129731897e-04
-2.2314649865468251e-04
-2.0745542790497876e-04
-1.9301045774247546e-04
-1.7969774059151735e-04
-1.6741549609454394e-04
-1.5607253222210641e-04
-1.4558697319155454e-04
-1.3588516244832262e-04
-1.2690071250763074e-04
-1.1857368056508334e-04
-1.1084985059376739e-04
-1.0368010634721265e-04
-9.7019882807851724e-05
-9.0828684443776874e-05
-8.5069661770136067e-05
-7.9709237443213954e-05
-7.4716776105382903e-05
-7.0064292347948759e-05
-6.5726190752929972e-05
-6.1679035209143493e-05
-5.7901343322140438e-05
-5.4373402914619945e-05
-5.1077108075672041e-05
-4.7995811871585263e-05
-4.5114194691277160e-05
-4.2418145785805993e-05
-3.9894656665675667e-05
-3.7531725015857053e-05
-3.5318267962350757e-05
-3.3244043846692081e-05
-3.1299581179970658e-05
-2.9476114509014762e-05
-2.7765526296124360e-05
-2.6160293627948768e-05
-2.4653440506460663e-05
-2.3238493863711841e-05
-2.1909443616866477e-05
-2.0660706516946583e-05
-1.9487092522503590e-05
-1.8383774808628762e-05
-1.7346261761094042e-05
-1.6370371629725668e-05
-1.5452209115078620e-05
-1.4588144046780326e-05
1.1142560046762323e-01
-6.0964669817887021e-02
-1.1028457979729888e-02
-5.2519270593727550e-03
-3.1464898462731108e-03
-2.1188580828235349e-03
-1.5317898342901305e-03
-1.1614506345616351e-03
-9.1127179938790305e-04
-7.3357437606139250e-04
-6.0243455008178676e-04
-5.0269291450926693e-04
-4.2496475299651226e-04
-3.6316742480760783e-04
-3.1320677088281245e-04
-2.7223850584908859e-04
-2.3823283206855211e-04
-2.0970732917584490e-04
-1.8555737158765492e-04
-1.6494521727304661e-04
-1.4722555617009331e-04
-1.3189437309373480e-04
-1.1855309412573009e-04
-1.0688298849811727e-04
-9.6626585314393490e-05
-8.7573980860921425e-05
-7.9552611931306394e-05
-7.2419520442970606e-05
-6.6055437590893591e-05
-6.0360209555506484e-05
-5.5249228504766160e-05
-5.0650621403173775e-05
-4.6503016689427616e-05
-4.2753758069927431e-05
-3.9357463250095506e-05
-3.6274856066921885e-05
-3.3471810656697428e-05
-3.0918566882542499e-05
-2.8589082201677777e-05
-2.6460493019414696e-05
-2.4512665412113917e-05
-2.2727817168010872e-05
-2.1090200954139525e-05
-1.9585835067200274e-05
-1.8202275098972159e-05
-1.6928419338512676e-05
-1.5754341795654702e-05
-1.4671149401208385e-05
-1.3670858713623361e-05
-1.2746289053286738e-05
-1.1890970348443198e-05
-1.1099062566498901e-05
-1.0365285909297573e-05
-9.6848596372810813e-06
-9.0534481533561639e-06
-8.4671142473433587e-06
-7.9222770035567463e-06
-7.4156761634964986e-06
-6.9443390183185924e-06
-6.5055519432911480e-06
-6.0968347363090201e-06
-5.7159184601441661e-06
-5.3607251284393999e-06
-5.0293492927893567e-06
-4.7200423028223920e-06
-4.4311977999150490e-06
-4.1613388764882233e-06
-3.9091063814158794e-06
-3.6732483298763408e-06
-3.4526107535368098e-06
-3.2461289412033137e-06
-3.0528200192627222e-06
-2.8717758172344431e-06
-2.7021566965444971e-06
-2.5431856741353021e-06
-2.3941434249764516e-06
-2.2543636940382230e-06
-2.1232286902898347e-06
-2.0001653120562471e-06
-1.8846417978558923e-06
-1.7761642066659617e-06
-1.6742736852625128e-06
-1.5785435093230333e-06
-1.4885769143550647e-06
-1.9372527140228583e-02
9.0027111534639222e-03
1.9375852537907132e-03
9.8142956896870551e-04
6.0151569286298937e-04
4.1114051069948948e-04
3.0057976824993690e-04
2.2994270816062149e-04
1.8173012988435247e-04
1.4718952204296454e-04
1.2151073169601178e-04
1.0185516629629768e-04
8.6451562249357047e-05
7.4143831466283395e-05
6.4148947512163195e-05
5.5919855346609639e-05
4.9064147229859987e-05
4.3293887258573416e-05
3.8393589974917007e-05
3.4199176214046111e-05
3.0583785024796811e-05
2.7447985778774781e-05
2.4712892692508134e-05
2.2315228338969761e-05
2.0203729231039760e-05
1.8336488518438696e-05
1.6678964454861262e-05
1.5202471287273409e-05
1.3883020095649639e-05
1.2700422132710428e-05
1.1637586124337403e-05
1.0679963202907246e-05
9.8151063056125028e-06
9.0323159195180569e-06
8.3223545847218420e-06
7.6772131868793177e-06
7.0899215779211741e-06
6.5543917758849154e-06
6.0652880205640997e-06
5.6179190374148237e-06
5.2081473011035800e-06
4.8323141071059519e-06
4.4871748203681372e-06
4.1698448215796688e-06
3.8777535166243919e-06
3.6086048019475084e-06
3.3603436199971414e-06
3.1311263386426058e-06
2.9192962165920824e-06
2.7233615235113817e-06
2.5419766325747647e-06
2.3739258895520881e-06
2.2181091964535589e-06
2.0735291820825627e-06
1.9392808264934237e-06
1.8145412717021370e-06
1.6985618420980178e-06
1.5906599065199278e-06
1.4902126508838565e-06
1.3966509983180838e-06
1.3094547586369174e-06
1.2281474536469405e-06
1.1522921098744078e-06
1.0814880888789969e-06
1.0153673349683310e-06
9.5359163025714172e-07
8.9584959600730331e-07
8.4185453051700218e-07
7.9134224361128714e-07
7.4406906211178538e-07
6.9981003776575256e-07
6.5835719272550146e-07
6.1951844979282608e-07
5.8311603089322112e-07
5.4898539626474515e-07
5.1697414467976607e-07
4.8694081437191394e-07
4.5875441779036367e-07
4.3229328176196760e-07
4.0744441005879982e-07
3.8410294939619427e-07
3.6217112987702695e-07
3.4155835736391105e-07
3.2218016466918060e-07
5.6217115044603309e-03
-2.4249308338721047e-03
-5.5029456374576947e-04
-2.8567608753287110e-04
-1.7718632065442103e-04
-1.2206889099984329e-04
-8.9768754183308143e-05
-6.8989478854423276e-05
-5.4728665189614933e-05
-4.4465481998916415e-05
-3.6806127248010685e-05
-3.0923927078235444e-05
-2.6300814976082461e-05
-2.2597381433744969e-05
-1.9582977581764040e-05
-1.7095980249379448e-05
-1.5020143397909268e-05
-1.3269959765627621e-05
-1.1781293276990605e-05
-1.0505205951609743e-05
-9.4037867414755808e-06
-8.4472691459592654e-06
-7.6119967766840218e-06
-6.8789641180308551e-06
-6.2327510578319842e-06
-5.6607338663807368e-06
-5.1524939480676956e-06
-4.6993677472698548e-06
-4.2941020979696329e-06
-3.9305851085763042e-06
-3.6036371248481558e-06
-3.3088447287329317e-06
-3.0424281598861820e-06
-2.8011352987779838e-06
-2.5821553029920309e-06
-2.3830494357147846e-06
-2.2016937826872996e-06
-2.0362311060892566e-06
-1.8850326519696508e-06
-1.7466652120184020e-06
-1.6198642172729687e-06
-1.5035101368971616e-06
-1.3966094973274453e-06
-1.2982789073634021e-06
-1.2077302409219961e-06
-1.1242593497238161e-06
-1.0472353421787307e-06
-9.7609211195062776e-07
-9.1032061842012901e-07
-8.4946223056401412e-07
-7.9310321904409696e-07
-7.4086914621877968e-07
-6.9242145399531764e-07
-6.4745282052131437e-07
-6.0568444919814006e-07
-5.6686252597980656e-07
-5.3075590080798788e-07
-4.9715409269284521e-07
-4.6586482974439221e-07
-4.3671232238161312e-07
-4.0953574967412794e-07
-3.8418766753762569e-07
-3.6053314458908689e-07
-3.3844826046520172e-07
-3.1781904588968476e-07
-2.9854066744597101e-07
-2.8051673365069530e-07
-2.6365856828918823e-07
-2.4788415843115196e-07
-2.3311793196288003e-07
-2.1929017725458066e-07
-2.0633632986516475e-07
-1.9419688971696616e-07
-1.8281657734327240e-07
-1.7214434036176107e-07
-1.6213275586397363e-07
-1.5273790837164932e-07
-1.4391920120871606e-07
-1.3563866956696897e-07
-1.2786122718431531e-07
-1.2055428201928930e-07
-1.1368739990966364e-07
-1.0723237225268502e-07
-1.0116285731545442e-07
-1.9456641618662580e-03
8.0278027626987732e-04
1.8405701972690138e-04
9.7582367166915133e-05
6.1131678595192836e-05
4.2367745153598651e-05
3.1292782302054772e-05
2.4130785475363975e-05
1.9195269706830188e-05
1.5631315853654551e-05
1.2964005522626828e-05
1.0910574896172357e-05
9.2932413845628648e-06
7.9952024831289480e-06
6.9368849358401505e-06
6.0624067304488091e-06
5.3314944339561064e-06
4.7144701814512556e-06
4.1890358997868326e-06
3.7381513006902141e-06
3.3485976484477445e-06
3.0099815067003688e-06
2.7140329757109317e-06
2.4540999235278665e-06
2.2247794746758964e-06
2.0216441048425650e-06
1.8410357602390043e-06
1.6799102849934185e-06
1.5357160576198825e-06
1.4063018145983858e-06
1.2898429920006109e-06
1.1847833110370308e-06
1.0897891815809417e-06
1.0037120621566199e-06
9.2555936572857556e-07
8.5446871180323683e-07
7.8968851694156923e-07
7.3056153820301883e-07
6.7651087052554969e-07
6.2702878789574445e-07
5.8166656912510120e-07
5.4002716672633731e-07
5.0175822962323699e-07
4.6654582227606666e-07
4.3410999290466865e-07
4.0420038375133246e-07
3.7659285828415436e-07
3.5108588694720048e-07
3.2749831994102642e-07
3.0566697254591044e-07
2.8544423765291884e-07
2.6669698707622005e-07
2.4930440144965037e-07
2.3315701156637527e-07
2.1815512812105218e-07
2.0420835510158229e-07
1.9123431984553142e-07
1.7915774155128539e-07
1.6790986652109844e-07
1.5742789839430223e-07
1.4765440104314246e-07
1.3853688581772277e-07
1.3002686060500371e-07
1.2207997034662906e-07
1.1465550633199565e-07
1.0771601350285763e-07
1.0122701193632538e-07
9.5156544959848362e-08
8.9475456202954215e-08
8.4156523768663799e-08
7.9174899745010261e-08
7.4507423248025970e-08
7.0132600868882508e-08
6.6030787140726119e-08
6.2183535763622930e-08
5.8574015400414888e-08
5.5186379871534342e-08
5.2005977878542512e-08
4.9019245294797706e-08
4.6213659154969098e-08
4.3577405800792744e-08
4.1099549224115146e-08
3.8770024842589972e-08
3.6579445956309210e-08
7.3883373172033162e-04
-2.9660507112793603e-04
-6.7194980744688472e-05
-3.6282071593757895e-05
-2.2934768793662132e-05
-1.5975001839980830e-05
-1.1841556955981704e-05
-9.1567834774000683e-06
-7.3002983791321672e-06
-5.9559851208560137e-06
-4.9475292111286015e-06
-4.1696112723619474e-06
-3.5558322712680319e-06
-3.0624638990421004e-06
-2.6596556972665717e-06
-2.3264055308705536e-06
-2.0475521020185786e-06
-1.8119057818816341e-06
-1.6110482826451909e-06
-1.4385387928156645e-06
-1.2893738771940693e-06
-1.1596159539411009e-06
-1.0461284150885112e-06
-9.4638605317932637e-07
-8.5833616608818080e-07
-7.8029466610992486e-07
-7.1086966933069090e-07
-6.4890133120772308e-07
-5.9341742322710404e-07
-5.4359738983285756e-07
-4.9874459613498039e-07
-4.5826479472083489e-07
-4.2164831027516075e-07
-3.8845638216109871e-07
-3.5830881691246050e-07
-3.3087558368725328e-07
-3.0586900089896930e-07
-2.8303721119321104e-07
-2.6215901526276417e-07
-2.4303953188699742e-07
-2.2550696744334400e-07
-2.0940872467053105e-07
-1.9460940702410464e-07
-1.8098850355960773e-07
-1.6843839089999652e-07
-1.5686299218453634e-07
-1.4617587712476163e-07
-1.3629957252814119e-07
-1.2716445221923117e-07
-1.1870756547375523e-07
-1.1087223294200081e-07
-1.0360704679076414e-07
-9.6865477451920874e-08
-9.0605264093633551e-08
-8.4788106055668268e-08
-7.9379205853564804e-08
-7.4346509764388025e-08
-6.9661004282669207e-08
-6.5296360086953795e-08
-6.1228358341970057e-08
-5.7434642553376362e-08
-5.3894883392712241e-08
-5.0590493963798940e-08
-4.7504286657214073e-08
-4.4620610310948324e-08
-4.1924866779650361e-08
-3.9403704412983617e-08
-3.7044869015199821e-08
-3.4837039537582932e-08
-3.2769719329516047e-08
-3.0833162238207450e-08
-2.9018474823534435e-08
-2.7317376382408512e-08
-2.5722305129409493e-08
-2.4226073217772367e-08
-2.2821976859104351e-08
-2.1504120704056466e-08
-2.0266713365853088e-08
-1.9104576160154196e-08
-1.8012766143152891e-08
-1.6986714436309692e-08
-1.6022296063354734e-08
-1.5115484690113356e-08
-1.4262580522668490e-08
-2.9740510165852984e-04
1.1756996731593389e-04
2.5942330921455769e-05
1.4223291493989920e-05
9.0670831673244098e-06
6.3436680699945082e-06
4.7169355265334199e-06
3.6562415431353777e-06
2.9205937070507616e-06
2.3866094697567957e-06
1.9852236065031295e-06
1.6750608843457947e-06
1.4299723500016010e-06
1.2327032770853318e-06
1.0714529233039500e-06
9.3790513735239477e-07
8.2604764600729068e-07
7.3143833653156785e-07
6.5073114303354385e-07
5.8136215136490241e-07
5.2133868795370863e-07
4.6909070222180853e-07
4.2336647939078834e-07
3.8315748323395037e-07
3.4764301567993107e-07
3.1614972009274510e-07
2.8812009411660498e-07
2.6309002346356937e-07
2.4066957436829097e-07
2.2052951297107651e-07
2.0239054577165521e-07
1.8601416402636559e-07
1.7119563704493160e-07
1.5775831633403182e-07
1.4554952492916417e-07
1.3443666891297966e-07
1.2430377133794337e-07
1.1504951217787810e-07
1.0658465789562949e-07
9.8831001135312200e-08
9.1719059517403383e-08
8.5187226192043789e-08
7.9181072572927946e-08
7.3651898689797643e-08
6.8556395392273927e-08
6.3855421997830094e-08
5.9514377401451203e-08
5.5501896148838773e-08
5.1789768993000191e-08
4.8352702191711442e-08
4.5167544882909562e-08
4.2213687294699438e-08
3.9472199545722210e-08
3.6926144782260737e-08
3.4559815601911033e-08
3.2359094812512592e-08
3.0311170284377714e-08
2.8404395399056774e-08
2.6627897990602327e-08
2.4971754171421967e-08
2.3427017812553863e-08
2.1985666443238480e-08
2.0639932031096260e-08
1.9382852210524045e-08
1.8208110559614791e-08
1.7109791383030263e-08
1.6082487622680933e-08
1.5121233656031039e-08
1.4221352278130000e-08
1.3378641934922709e-08
1.2589176975725635e-08
1.1849361958730029e-08
1.1155741009195113e-08
1.0505234671203226e-08
9.8949462743236203e-09
9.3222655516265466e-09
8.7847090704977089e-09
8.2798883189219446e-09
7.8057042960250801e-09
7.3602166004215865e-09
6.9415021953297171e-09
6.5478682262578256e-09
6.1777070480136888e-09
5.8295860928114021e-09
1.2467024303478797e-04
-4.8978855235573527e-05
-1.0423986396903732e-05
-5.7831665485076855e-06
-3.7164344185735593e-06
-2.6106572067883986e-06
-1.9465653979011921e-06
-1.5120385040616886e-06
-1.2098679850570619e-06
-9.9006140174854706e-07
-8.2454155196772652e-07
-6.9644343235649691e-07
-5.9508701777849691e-07
-5.1341076453955333e-07
-4.4657753571780158e-07
-3.9117364035070038e-07
-3.4472879576246191e-07
-3.0541516570285442e-07
-2.7185395959606476e-07
-2.4298855577968687e-07
-2.1799662562805268e-07
-1.9622982963696610e-07
-1.7717058363351525e-07
-1.6040181423151784e-07
-1.4558395686683410e-07
-1.3243796529097704e-07
-1.2073306096567048e-07
-1.1027637464960429e-07
-1.0090636344537946e-07
-9.2486479180849014e-08
-8.4900646370764016e-08
-7.8049741263403848e-08
-7.1848327760331016e-08
-6.6223505991766210e-08
-6.1111532207565564e-08
-5.6457055606401172e-08
-5.2211924478343983e-08
-4.8333890198319569e-08
-4.4785964589599613e-08
-4.1535210285108519e-08
-3.8552797001662877e-08
-3.5813191214354772e-08
-3.3293476372136929e-08
-3.0973422762857967e-08
-2.8834776267929281e-08
-2.6861493086419185e-08
-2.5038966810013289e-08
-2.3354046640554310e-08
-2.1794968848135064e-08
-2.0351108199278294e-08
-1.9012981779354932e-08
-1.7771737428244688e-08
-1.6619664177915182e-08
-1.5549360729364710e-08
-1.4554566693834165e-08
-1.3629359283863959e-08
-1.2768259257969987e-08
-1.1966245949813687e-08
-1.1218924832826016e-08
-1.0522242437078987e-08
-9.8724551078315129e-09
-9.2659226325082893e-09
-8.6995334995145909e-09
-8.1704493212169071e-09
-7.6760040296156600e-09
-7.2136689637088689e-09
-6.7810530640106380e-09
-6.3763482172579121e-09
-5.9973650027711324e-09
-5.6425025275357415e-09
-5.3099876241689207e-09
-4.9982882746000300e-09
-4.7060802141468200e-09
-4.4319843427584667e-09
-4.1748986234995478e-09
-3.9335642455772521e-09
-3.7069866846194389e-09
-3.4942170719247938e-09
-3.2943370539666846e-09
-3.1065315518316208e-09
-2.9300102242738917e-09
-2.7640400865728399e-09
-2.6080077868790867e-09
-2.4611861940290723e-09
-5.3858684429443444e-05
2.1179296509434225e-05
4.3204589054982246e-06
2.4158214693567191e-06
1.5644254467200767e-06
1.1030359349600659e-06
8.2448734013146685e-07
6.4164816216714198e-07
5.1419759790405156e-07
4.2130918295855929e-07
3.5124961403668198e-07
2.9695613311954545e-07
2.5394621191856254e-07
2.1925103224541617e-07
1.9083423191953406e-07
1.6725757244443973e-07
1.4747849926998583e-07
1.3072414169983668e-07
1.1641236642512384e-07
1.0409580294726131e-07
9.3426190094854303e-08
8.4128528675201865e-08
7.5983536555544014e-08
6.8814302600888250e-08
6.2476345223372346e-08
5.6851378714223838e-08
5.1840905743046160e-08
4.7363278064145846e-08
4.3349764806534957e-08
3.9741980950116334e-08
3.6490518606323545e-08
3.3553070443757449e-08
3.0893668269015816e-08
2.8480758531973405e-08
2.6287178510430514e-08
2.4289490345516698e-08
2.2467153627526458e-08
2.0802020287223787e-08
1.9278064444153809e-08
1.7881659079020320e-08
1.6600311758099527e-08
1.5422942868817821e-08
1.4339848211600837e-08
1.3342402294890239e-08
1.2422918327933760e-08
1.1574277571602958e-08
1.0790333483334109e-08
1.0065451521656542e-08
9.3946292965427011e-09
8.7733572710601664e-09
8.1974058959508757e-09
7.6630828529002024e-09
7.1670621220233005e-09
6.7062380780950799e-09
6.2779403730806362e-09
5.8793964588710256e-09
5.5084024260479155e-09
5.1629064117038244e-09
4.8410535469224587e-09
4.5408381369835798e-09
4.2607064012235994e-09
3.9993139722490483e-09
3.7552341230362419e-09
3.5271612706532482e-09
3.3139181601181050e-09
3.1145752315094324e-09
2.9280696745315479e-09
2.7535279054874180e-09
2.5900853420227255e-09
2.4369783151522236e-09
2.2935174016398613e-09
2.1590462370803574e-09
2.0330102354368863e-09
1.9147571029461072e-09
1.8037829360464320e-09
1.6996004111596284e-09
1.6018211208247609e-09
1.5099917044007888e-09
1.4236931809325024e-09
1.3426345344460442e-09
1.2664552520994410e-09
1.1947638596368292e-09
1.1273520572367443e-09
1.0639635659688657e-09
2.3818266460021987e-05
-9.4273919895009778e-06
-1.8373189311733266e-06
-1.0306971128684930e-06
-6.7228986950417433e-07
-4.7564148614914787e-07
-3.5631807432431394e-07
-2.7776750752993916e-07
-2.2289570083746643e-07
-1.8283492148155098e-07
-1.5257708019746498e-07
-1.2910014482543509e-07
-1.1048252629738404e-07
-9.5449828800271854e-08
-8.3127435087249876e-08
-7.2896356755505254e-08
-6.4306905407501060e-08
-5.7026754590905959e-08
-5.0804338136805209e-08
-4.5446596443904411e-08
-4.0802789663468659e-08
-3.6754378551766236e-08
-3.3206437748801289e-08
-3.0082051496680477e-08
-2.7319080371030418e-08
-2.4865834093240287e-08
-2.2680003388432187e-08
-2.0726120084843474e-08
-1.8974032314807089e-08
-1.7398556016734525e-08
-1.5978341950336872e-08
-1.4695159623154789e-08
-1.3532894312359032e-08
-1.2478076698636559e-08
-1.1519149018463164e-08
-1.0645545537332084e-08
-9.8483874278370208e-09
-9.1198082116668399e-09
-8.4531066686919142e-09
-7.8419316940032331e-09
-7.2809322080823361e-09
-6.7654442523627718e-09
-6.2912010851885117e-09
-5.8544157869251656e-09
-5.4515404914850314e-09
-5.0797773025802824e-09
-4.7362706589900194e-09
-4.4185901538790219e-09
-4.1245855772192664e-09
-3.8522138260120392e-09
-3.5996711823215152e-09
-3.3654156349697391e-09
-3.1479305296816943e-09
-2.9458113976648516e-09
-2.7578084529676357e-09
-2.5830345502644332e-09
-2.4203285649576018e-09
-2.2687528432503052e-09
-2.1274046421831500e-09
-1.9956160457077840e-09
-1.8727235345729807e-09
-1.7580000865652391e-09
-1.6508132223497476e-09
-1.5506331257592503e-09
-1.4570381750721668e-09
-1.3694910757165517e-09
-1.2876010442802451e-09
-1.2108788892732458e-09
-1.1390994929828120e-09
-1.0718464252273184e-09
-1.0088559099813425e-09
-9.4977950840145660e-10
-8.9431788047156588e-10
-8.4236288179824679e-10
-7.9360014220881629e-10
-7.4784340741055872e-10
-7.0484600234395489e-10
-6.6449564782887298e-10
-6.2654436243357733e-10
-5.9091486178809887e-10
-5.5738533467417653e-10
-5.2585718976819729e-10
-4.9622621575670797e-10
-4.6837564591134513e-10
