9
8.0000000000000000e+01
6.0000000000000000e+02
53
9.8070000000000002e-01
9.9997100000000005e-01
1.7715093415548946e+00
-7.3614608935048698e-01
-1.3253279091596942e-01
-5.9824422055113867e-02
-3.5039190380030623e-02
-2.3176423640734058e-02
-1.6437235964149116e-02
-1.2202965490899043e-02
-9.3583154094169178e-03
-7.3530897424679675e-03
-5.8873405207264997e-03
-4.7851196955451250e-03
-3.9372171334115811e-03
-3.2727171757826619e-03
-2.7438375975016105e-03
-2.3173760114032290e-03
-1.9696518870925945e-03
-1.6833946963673821e-03
-1.4457633230196268e-03
-1.2470478919602971e-03
-1.0797967343344880e-03
-9.3821579709757756e-04
-8.1774707216355179e-04
-7.1476730674457987e-04
-6.2636916392393247e-04
-5.5019992417644308e-04
-4.8434101482557323e-04
-4.2721693487553605e-04
-3.7752563718633156e-04
-3.3418476997188146e-04
-2.9628977586199095e-04
-2.6308095153641483e-04
-2.3391734122658986e-04
-2.0825589539834861e-04
-1.8563471838644937e-04
-1.6565951579240550e-04
-1.4799256320749114e-04
-1.3234367961058183e-04
-1.1846280262431886e-04
-1.0613384865322919e-04
-9.5169614978445687e-05
-8.5407527559518332e-05
-7.6706080893159677e-05
-6.8941843702623840e-05
-6.2006933454243781e-05
-5.5806879244783670e-05
-5.0258805703453268e-05
-4.5289885915130541e-05
-4.0836020642231061e-05
-3.6840706698006544e-05
-3.3254064508655406e-05
-3.0032001143321142e-05
-2.7135488179063821e-05
3.3544577828738675e-01
-2.3124646521004660e-01
-3.3631275491972867e-02
-1.2385128489984947e-02
-6.5313083200005126e-03
-4.0819895584885066e-03
-2.7885053451074341e-03
-2.0114939194613613e-03
-1.5063601133176625e-03
-1.1597261596690027e-03
-9.1215414693828194e-04
-7.2976118138947765e-04
-5.9200719604332206e-04
-4.8582973174417281e-04
-4.0259300998224612e-04
-3.3640066850257192e-04
-2.8311545464972462e-04
-2.3976577363513677e-04
-2.0417363445600421e-04
-1.7471424151412198e-04
-1.5015648241476230e-04
-1.2955459279435298e-04
-1.1217303781194845e-04
-9.7433454216688960e-05
-8.4876537227861296e-05
-7.4134251731661116e-05
-6.4909290129633518e-05
-5.6959698306216943e-05
-5.0087233645055394e-05
-4.4128457286297277e-05
-3.8947856064448555e-05
-3.4432480582302752e-05
-3.0487730588190431e-05
-2.7034016769525641e-05
-2.4004100824042409e-05
-2.1340959114451382e-05
-1.8996055333701284e-05
-1.6927938019682947e-05
-1.5101095398077672e-05
-1.3485015506815405e-05
-1.2053407854810098e-05
-1.0783562013547957e-05
-9.6558123000601759e-06
-8.6530899851117421e-06
-7.7605477251338455e-06
-6.9652453145169862e-06
-6.2558827939879338e-06
-5.6225732645144401e-06
-5.0566515122169689e-06
-4.5505119548034402e-06
-4.0974678965110342e-06
-3.6916307696139414e-06
-3.3278086915691765e-06
-4.8109752464644336e-02
3.1384847393027590e-02
4.2760650204099861e-03
1.7966955133859853e-03
1.0423739730563053e-03
6.7972076115403192e-04
4.7306224018993994e-04
3.4465666762429861e-04
2.5985443762866324e-04
2.0113338083642274e-04
1.5892128730118831e-04
1.2765598063139278e-04
1.0393163214064650e-04
8.5568183429027031e-05
7.1116990446618413e-05
5.9584504810349180e-05
5.0270714605376600e-05
4.2670893331529372e-05
3.6413765361863505e-05
3.1221408865564802e-05
2.6882558044281606e-05
2.3234416924986050e-05
2.0150009442729129e-05
1.7529216222479955e-05
1.5292318643002014e-05
1.3375280403702766e-05
1.1726249719557655e-05
1.0302931318458016e-05
9.0705955975259829e-06
8.0005523421575035e-06
7.0689663660464587e-06
6.2559321507247117e-06
5.5447480109306172e-06
4.9213389544909406e-06
4.3737936287901129e-06
3.8919934080518765e-06
3.4673127685388243e-06
3.0923749770341854e-06
2.7608503073542363e-06
2.4672927298780050e-06
2.2070039985610425e-06
1.9759203569131135e-06
1.7705176924952522e-06
1.5877343549230456e-06
1.4249040383442991e-06
1.2796999820088584e-06
1.1500877022477024e-06
1.0342860898374945e-06
9.3073264111793565e-07
8.3805386336434731e-07
7.5504086542411213e-07
6.8062856901029915e-07
6.1387761165562368e-07
1.2101135991533275e-02
-7.5337131226523380e-03
-1.0755153254160233e-03
-4.8638490610297338e-04
-2.8503593180518390e-04
-1.8527074988348394e-04
-1.2877749948582667e-04
-9.3917196016292718e-05
-7.0943830493383416e-05
-5.5024117973847075e-05
-4.3559008127031878e-05
-3.5049472095191650e-05
-2.8579448985698730e-05
-2.3562216729683034e-05
-1.9607279450274231e-05
-1.6446316232101796e-05
-1.3889929776127448e-05
-1.1801320471998725e-05
-1.0079691797383579e-05
-8.6494748350150910e-06
-7.4531429682543257e-06
-6.4463078803567392e-06
-5.5943027282383116e-06
-4.8697607938486753e-06
-4.2508682975210455e-06
-3.7200825800502275e-06
-3.2631840081071962e-06
-2.8685634755108762e-06
-2.5266803317693319e-06
-2.2296448059334900e-06
-1.9708968598062345e-06
-1.7449543409577662e-06
-1.5472142801738386e-06
-1.3737935274256046e-06
-1.2214040638408832e-06
-1.0872514621662587e-06
-9.6895174923045156e-07
-8.6446440458694395e-07
-7.7203782216507482e-07
-6.9016436455584450e-07
-6.1754238834231507e-07
-5.5304522436937104e-07
-4.9569556215159959e-07
-4.4464423730609072e-07
-3.9915057481220675e-07
-3.5856834530660691e-07
-3.2233286426506246e-07
-2.8994910272112721e-07
-2.6098172684894736e-07
-2.3504857918594836e-07
-2.1181423254345342e-07
-1.9098163400064097e-07
-1.7228859774460836e-07
-3.7121708473471420e-03
2.2311253424911765e-03
3.3624629717113547e-04
1.5648371459832513e-04
9.1442644363202928e-05
5.9345247559030724e-05
4.1305646089921850e-05
3.0185527511718873e-05
2.2843704603482996e-05
1.7744671659438846e-05
1.4065299195428197e-05
1.1330028566646429e-05
9.2474910767241355e-06
7.6306458505945844e-06
6.3547794963552192e-06
5.3340714496455894e-06
4.5078674304095085e-06
3.8323050373409724e-06
3.2750318189410375e-06
2.8117700739726929e-06
2.4240207754872587e-06
2.0974970338168455e-06
1.8210331518604185e-06
1.5858082838508190e-06
1.3847846100641932e-06
1.2122991174456163e-06
1.0637600059404407e-06
9.3541542612524560e-07
8.2417922407825886e-07
7.2749837196225234e-07
6.4325042916108758e-07
5.6965905113039610e-07
5.0523243626868507e-07
4.4871178087686370e-07
3.9903133740041172e-07
3.5528376049468235e-07
3.1669514397891299e-07
2.8260316171027554e-07
2.5243903612208905e-07
2.2571235914318950e-07
2.0199992195706238e-07
1.8093573526226754e-07
1.6220184001618613e-07
1.4552162589311867e-07
1.3065428661260338e-07
1.1738977301672607e-07
1.0554359402074489e-07
9.4954130905943572e-08
8.5480457738690563e-08
7.6997934360252997e-08
6.9396592091129176e-08
6.2579623671852482e-08
5.6462068844548641e-08
1.2610901275253725e-03
-7.3746132328000413e-04
-1.1636910067299927e-04
-5.4794571292006998e-05
-3.1939300514485462e-05
-2.0741090363649296e-05
-1.4463294725499296e-05
-1.0587307859898433e-05
-8.0228082977003857e-06
-6.2386783094966595e-06
-4.9495707859325954e-06
-3.9901837094052422e-06
-3.2590409481986025e-06
-2.6909093669082288e-06
-2.2422473762287127e-06
-1.8830630327673284e-06
-1.5921391646063423e-06
-1.3541205010115125e-06
-1.1576733556583381e-06
-9.9428579352082698e-07
-8.5746728101078299e-07
-7.4220342652214520e-07
-6.4457190506856031e-07
-5.6147182759313389e-07
-4.9042897606694289e-07
-4.2945201019144026e-07
-3.7692414037596997e-07
-3.3152343325082806e-07
-2.9216367637386217e-07
-2.5794534083956279e-07
-2.2811974308448550e-07
-2.0205985957718370e-07
-1.7924035442660785e-07
-1.5921691544251174e-07
-1.4161269501931375e-07
-1.2610731941768976e-07
-1.1242821344403944e-07
-1.0034074928893415e-07
-8.9643546648392127e-08
-8.0163798248422704e-08
-7.1752101795443163e-08
-6.4278415444172733e-08
-5.7630394843031703e-08
-5.1710597371277443e-08
-4.6433252739880822e-08
-4.1723743572033323e-08
-3.7517410093982616e-08
-3.3757206754134842e-08
-3.0392657595806608e-08
-2.7379340151645399e-08
-2.4678824777720402e-08
-2.2256932859569445e-08
-2.0083203128148131e-08
-4.5583962369661653e-04
2.6071340952625718e-04
4.2708653727784469e-05
2.0217253789692190e-05
1.1771574794010202e-05
7.6547643829427855e-06
5.3466868871073669e-06
3.9188628655747247e-06
2.9725871497087794e-06
2.3134481768465506e-06
1.8367220129938997e-06
1.4816274154408141e-06
1.2108071362501483e-06
1.0002256928452465e-06
8.3382608241652265e-07
7.0053806929121441e-07
5.9252644378345840e-07
5.0411716081125540e-07
4.3111790664395647e-07
3.7037973599344180e-07
3.1950043458177109e-07
2.7662236475948674e-07
2.4029135670512876e-07
2.0935901704122499e-07
1.8290808613669458e-07
1.6019833720823333e-07
1.4063010230963526e-07
1.2371355559052466e-07
1.0904492664253956e-07
9.6288973198952969e-08
8.5168382364479450e-08
7.5450652599678270e-08
6.6939394565401495e-08
5.9469368768821485e-08
5.2901005423554514e-08
4.7114979656360145e-08
4.2009315243177806e-08
3.7497085159135493e-08
3.3503550874902835e-08
2.9963958455760089e-08
2.6822611687515553e-08
2.4031406713419286e-08
2.1548185526684403e-08
1.9336429193588152e-08
1.7364466339219859e-08
1.5604894651741943e-08
1.4033146349126014e-08
1.2627741548134680e-08
1.1369843982440364e-08
1.0243423665576987e-08
9.2341267566043209e-09
8.3283921977768920e-09
7.5153392370361851e-09
1.7177864009921201e-04
-9.6438273419518567e-05
-1.6289892337842011e-05
-7.7326293731434891e-06
-4.5018444434759412e-06
-2.9317888369060527e-06
-2.0505900492491896e-06
-1.5045196709013177e-06
-1.1421536397371341e-06
-8.8949967275505236e-07
-7.0661824668897866e-07
-5.7029981895452274e-07
-4.6626915517449166e-07
-3.8533330612444412e-07
-3.2134572675703576e-07
-2.7006780465546735e-07
-2.2849740984372061e-07
-1.9445804335856287e-07
-1.6634191753119280e-07
-1.4294150521470166e-07
-1.2333304093628218e-07
-1.0680305888041715e-07
-9.2794090460444476e-08
-8.0864337021714954e-08
-7.0659641380293991e-08
-6.1896346178415405e-08
-5.4344689598848096e-08
-4.7814668025488613e-08
-4.2150799731798817e-08
-3.7225233525951386e-08
-3.2930723731352738e-08
-2.9176710444204331e-08
-2.5888081191105194e-08
-2.3002012434329058e-08
-2.0463800425367525e-08
-1.8227264250384994e-08
-1.6253628684562659e-08
-1.4509517947220835e-08
-1.2965404027745236e-08
-1.1596616614958696e-08
-1.0381822891271449e-08
-9.3022623533529299e-09
-8.3414939880113012e-09
-7.4860076422314092e-09
-6.7233933536421860e-09
-6.0425345177919142e-09
-5.4338477106622724e-09
-4.8900780649775215e-09
-4.4036515019465998e-09
-3.9675298844715338e-09
-3.5766258051781318e-09
-3.2262243956649985e-09
-2.9116230414493940e-09
-6.6695796049525896e-05
3.6850659896482294e-05
6.3857002119486360e-06
3.0364474335178402e-06
1.7685747697583233e-06
1.1533898917596557e-06
8.0763957550530321e-07
5.9307160218174796e-07
4.5053982822984924e-07
3.5108129882300785e-07
2.7903868152705669e-07
2.2530619896825228e-07
1.8427881980721897e-07
1.5234384130925526e-07
1.2708555678885431e-07
1.0683656718591744e-07
9.0414749373416389e-08
7.6964060217060378e-08
6.5850868710965372e-08
5.6598346766790630e-08
4.8843252895369693e-08
4.2305012996060802e-08
3.6762143927213878e-08
3.2040528718147981e-08
2.8001324142307485e-08
2.4532446211497970e-08
2.1542011055324316e-08
1.8955662737676341e-08
1.6712659698497262e-08
1.4761508121551970e-08
1.3059580866626774e-08
1.1571946421112517e-08
1.0269052816836966e-08
9.1250066872388592e-09
8.1185553526700541e-09
7.2320852950491112e-09
6.4497303270777291e-09
5.7579731733720443e-09
5.1455364732463987e-09
4.6028624418678699e-09
4.1208709528528586e-09
3.6924821069875031e-09
3.3115638403315102e-09
2.9723505039923592e-09
2.6692709527754765e-09
2.3989506986520609e-09
2.1579396490830637e-09
1.9421797277460435e-09
1.7487523864457979e-09
1.5757313673189716e-09
1.4207917357148735e-09
1.2814791720294432e-09
1.1563706158243555e-09
