11
2.0000000000000000e+00
2.0000000000000000e+01
9
0.0000000000000000e+00
9.0000000000000002e-01
4.2627333923144367e-01
4.0677094500325983e-01
-1.9329688865060160e-02
1.7754476924991766e-03
1.7367826724672855e-03
2.3182532056244975e-04
1.5110489519658992e-04
7.0652804405113253e-05
2.5723888637140138e-05
7.4793095667963883e-02
5.1049216780460233e-02
-2.6237342669033790e-02
-2.1756190011440789e-03
-3.2532954006021966e-05
-4.2510846257886334e-04
-9.4661174256963209e-05
-3.5141925399213037e-05
-2.0704711450338157e-05
-2.4884543870569334e-02
-1.9921935332404155e-02
6.0673644895713153e-03
1.1791604168273377e-03
1.2688815755978455e-04
8.5389912024246792e-05
4.4062554429081034e-05
1.5252157437712151e-05
6.2976361811995621e-06
9.2576393851517419e-03
8.2014272041650016e-03
-1.4450373037533616e-03
-4.6426930443342878e-04
-8.9901587203394719e-05
-2.4854473069193430e-05
-1.5329946141230272e-05
-6.6136067704398814e-06
-2.4699950555299627e-06
-3.6585060893113766e-03
-3.4734592025727319e-03
3.0741231672358569e-04
1.6169422963126362e-04
4.5970268482082969e-05
9.9306759651223891e-06
5.1768413420379051e-06
2.6248693555514968e-06
1.0428099566941521e-06
1.5031157133473770e-03
1.4996662261988506e-03
-3.7094641062330106e-05
-5.0514427769377427e-05
-2.0216614405067449e-05
-4.4932626191377257e-06
-1.8201886007628219e-06
-9.8219546474596090e-07
-4.3305099381218424e-07
-6.3484790021972669e-04
-6.5704472946038941e-04
-1.5403272604365528e-05
1.3233802528170214e-05
8.0209135347157131e-06
2.0238644969532642e-06
6.7682680979704506e-07
3.5445202177247539e-07
1.7233541533023428e-07
2.7379219962067516e-04
2.9131523338046453e-04
1.7693090747607215e-05
-2.0286508818050542e-06
-2.8794254970188909e-06
-8.6183288867271825e-07
-2.6097454323202303e-07
-1.2449700256631031e-07
-6.5229843182591963e-08
-1.2004891728897412e-04
-1.3046511680458005e-04
-1.1748067379611612e-05
-6.9675607469109053e-07
8.9913067568096091e-07
3.3748418471974969e-07
1.0028771934809067e-07
4.2271018844074745e-08
2.3259380516325710e-08
5.3355658202644867e-05
5.8939891538064422e-05
6.6781060373900632e-06
9.7482601081419928e-07
-2.0770450104279513e-07
-1.1653875060930619e-07
-3.6428194553388306e-08
-1.3420503229556512e-08
-7.6115102581150347e-09
-2.3985495973657762e-05
-2.6833046119449689e-05
-3.5377822042688894e-06
-7.1243825875679940e-07
2.5110616756482957e-11
3.1347325158810059e-08
1.1432973262480874e-08
3.5921326870259874e-09
2.1138302961731602e-09
