9
2.9999999999999999e-01
2.0000000000000000e+00
54
8.9000000000000001e-01
9.9990000000000001e-01
6.2045163571184880e-01
1.1264248958516822e-01
3.0734742613881687e-02
1.6068483818806430e-02
1.0119514204703852e-02
7.0279627775273693e-03
5.1825963637978610e-03
3.9797309458995522e-03
3.1464513908901451e-03
2.5429003419715846e-03
2.0906420091138041e-03
1.7425821350507168e-03
1.4688913965447412e-03
1.2498445837160206e-03
1.0719275992385879e-03
9.2560302039155281e-04
8.0396832720951205e-04
7.0191875206789900e-04
6.1560754311019788e-04
5.4208792863182738e-04
4.7906961419822759e-04
4.2474948496533122e-04
3.7769156933409927e-04
3.3674042208097150e-04
3.0095762822718612e-04
2.6957458326662404e-04
2.4195691798353615e-04
2.1757737628313136e-04
1.9599491111302829e-04
1.7683841042189646e-04
1.5979390923884907e-04
1.4459445715648807e-04
1.3101202347323937e-04
1.1885098404110782e-04
1.0794284346910479e-04
9.8141932025037600e-05
8.9321875552575883e-05
8.1372682761968781e-05
7.4198329981747422e-05
6.7714748404936896e-05
6.1848138071675209e-05
5.6533550647810209e-05
5.1713691589181686e-05
4.7337905510033273e-05
4.3361311922638699e-05
3.9744067334392088e-05
3.6450733523247058e-05
3.3449733653316190e-05
3.0712883916342952e-05
2.8214988286202306e-05
2.5933487414835456e-05
2.3848153257491875e-05
2.1940822867282153e-05
2.0195166157624683e-05
1.4019030689035483e-01
-6.0742881338537481e-03
-7.0763473679968623e-03
-4.3231264633231976e-03
-2.9769529093571891e-03
-2.1916580987388695e-03
-1.6854367081065753e-03
-1.3364521783141708e-03
-1.0840142015991986e-03
-8.9471547247290317e-04
-7.4874379201143762e-04
-6.3365136385990840e-04
-5.4124912078667173e-04
-4.6594372457255665e-04
-4.0379384658590430e-04
-3.5194828211453848e-04
-3.0829760778598893e-04
-2.7125065328081742e-04
-2.3958672969708956e-04
-2.1235536931933714e-04
-1.8880672828504883e-04
-1.6834228430902075e-04
-1.5047927688588252e-04
-1.3482463424043667e-04
-1.2105557795627741e-04
-1.0890499835542464e-04
-9.8150295228317217e-05
-8.8604765743100704e-05
-8.0110890496717561e-05
-7.2535051448258911e-05
-6.5763338033407134e-05
-5.9698192399319279e-05
-5.4255703538369653e-05
-4.9363412436701499e-05
-4.4958518558519921e-05
-4.0986404029319573e-05
-3.7399415910855356e-05
-3.4155852883666632e-05
-3.1219119383821717e-05
-2.8557015650535099e-05
-2.6141139622734692e-05
-2.3946380677084782e-05
-2.1950489503735409e-05
-2.0133710975437817e-05
-1.8478470473337360e-05
-1.6969104302338925e-05
-1.5591627463785618e-05
-1.4333532970912014e-05
-1.3183618163846102e-05
-1.2131833778264158e-05
-1.1169151983880457e-05
-1.0287452108479933e-05
-9.4794199000860577e-06
-8.7384592258506617e-06
-3.4867069937382318e-02
-3.6200669843769800e-03
2.0545823596231679e-04
3.7000147693729880e-04
3.3516270721911895e-04
2.8362398705346424e-04
2.3802786829859858e-04
2.0064493383580216e-04
1.7037457359542169e-04
1.4576864880339860e-04
1.2559687684684059e-04
1.0890328474908173e-04
9.4960998140445038e-05
8.3217584879371266e-05
7.3250100226224284e-05
6.4731428675672366e-05
5.7405787823404702e-05
5.1070995746790060e-05
4.5565580034493921e-05
4.0759326521745820e-05
3.6546282606899429e-05
3.2839519563392664e-05
2.9567169944267863e-05
2.6669398299265780e-05
2.4096063381909887e-05
2.1804895795139323e-05
1.9760064605284292e-05
1.7931041498530186e-05
1.6291692897790912e-05
1.4819548964370306e-05
1.3495211211562334e-05
1.2301868982956328e-05
1.1224902992848113e-05
1.0251557295821321e-05
9.3706680187999749e-06
8.5724358212340738e-06
7.8482364115566774e-06
7.1904601065061123e-06
6.5923760303608651e-06
6.0480179409006940e-06
5.5520859761280846e-06
5.0998622699117212e-06
4.6871399891922058e-06
4.3101607675719390e-06
3.9655614367370492e-06
3.6503273825019700e-06
3.3617525168966935e-06
3.0974043411066293e-06
2.8550929747847169e-06
2.6328447151045413e-06
2.4288781926038433e-06
2.2415840469199309e-06
2.0695064632785973e-06
1.9113269790752660e-06
9.6810575734954021e-03
2.0467456215548518e-03
3.8004243038180228e-04
1.2259079427306792e-04
4.5726401314368160e-05
1.5513213079928998e-05
1.9733345205999874e-06
-4.4574323912913770e-06
-7.5121106176469234e-06
-8.8496898837187312e-06
-9.2770547867216371e-06
-9.2129904701013095e-06
-8.8853478978039307e-06
-8.4223025419694178e-06
-7.8975295331298312e-06
-7.3538009184612035e-06
-6.8158679287864751e-06
-6.2977472670048233e-06
-5.8069709195808940e-06
-5.3471231255495795e-06
-4.9193839735877715e-06
-4.5234866085384407e-06
-4.1583134300110236e-06
-3.8222734356523840e-06
-3.5135373898352985e-06
-3.2301882001265852e-06
-2.9703127660471121e-06
-2.7320575740019928e-06
-2.5136605616070759e-06
-2.3134683486024936e-06
-2.1299437613084305e-06
-1.9616658875154062e-06
-1.8073275468943908e-06
-1.6657302303494567e-06
-1.5357773256129321e-06
-1.4164672633134677e-06
-1.3068859063548889e-06
-1.2062002245847655e-06
-1.1136508132044066e-06
-1.0285459419184502e-06
-9.5025486644540592e-07
-8.7820348325215064e-07
-8.1186807799108418e-07
-7.5077128920251225e-07
-6.9447779403366067e-07
-6.4259040606644913e-07
-5.9474675189114978e-07
-5.5061554749233000e-07
-5.0989455550529107e-07
-4.7230731055321697e-07
-4.3760106066850686e-07
-4.0554430513220942e-07
-3.7592553428276718e-07
-3.4855100858713760e-07
-2.8919544175809741e-03
-8.3399648707273115e-04
-2.3157742750939432e-04
-1.0416844838280111e-04
-5.7581456486947746e-05
-3.5582455361606155e-05
-2.3566099287832409e-05
-1.6360950549430846e-05
-1.1750930968540518e-05
-8.6572054054236426e-06
-6.5039847207469937e-06
-4.9617965180013467e-06
-3.8315238843722035e-06
-2.9874153638387391e-06
-2.3471248054653574e-06
-1.8550716096559604e-06
-1.4727653888331331e-06
-1.1729574654075501e-06
-9.3598742246205512e-07
-7.4743106266489382e-07
-5.9655040922420574e-07
-4.7524757496855222e-07
-3.7734564654485602e-07
-2.9808409085910237e-07
-2.3375968241417482e-07
-1.8146870963630891e-07
-1.3891703397717629e-07
-1.0427986283008446e-07
-7.6096969388939229e-08
-5.3193263050635834e-08
-3.4619018528938366e-08
-1.9602615406142637e-08
-7.5146251235968649e-09
2.1598068801217055e-09
9.8435075153960998e-09
1.5884716186759927e-08
2.0571314560806307e-08
2.4140755642744101e-08
2.6790318999719880e-08
2.8684023461684200e-08
2.9958031933552323e-08
3.0725609393849586e-08
3.1081104976943521e-08
3.1103586776695641e-08
3.0858409736465712e-08
3.0400215018144604e-08
2.9774676212905916e-08
2.9019639742307215e-08
2.8166580754155892e-08
2.7241328846667582e-08
2.6265750177139072e-08
2.5257602139290689e-08
2.4231344579565887e-08
2.3198929342206739e-08
9.1347996169761523e-04
3.1112420578214824e-04
1.0385314229363367e-04
5.2213384681839263e-05
3.1385559995879473e-05
2.0845588635055274e-05
1.4747417878043030e-05
1.0897533734990724e-05
8.3133183468407843e-06
6.4980212952879117e-06
5.1774242988270011e-06
4.1896598123025189e-06
3.4339954628158921e-06
2.8450075220482223e-06
2.3786782663701910e-06
2.0045012117591853e-06
1.7007947881124746e-06
1.4518100906641068e-06
1.2458899149547891e-06
1.0742615308623306e-06
9.3022524052426721e-07
8.0859749326678942e-07
7.0532082942850445e-07
6.1718565916400036e-07
5.4162869222890995e-07
4.7658546857553129e-07
4.2037982680843531e-07
3.7164121961693177e-07
3.2924170222270390e-07
2.9224715656329628e-07
2.5987942878157462e-07
2.3148769482613221e-07
2.0652417618234045e-07
1.8452616142222922e-07
1.6510094968916302e-07
1.4791450880721298e-07
1.3268107337064581e-07
1.1915540994352089e-07
1.0712663646375621e-07
9.6412950946310299e-08
8.6856716651186512e-08
7.8321386363002138e-08
7.0687884355866606e-08
6.3852771577398140e-08
5.7725412797921085e-08
5.2226251024837168e-08
4.7285851855684521e-08
4.2843042248232219e-08
3.8843881482738468e-08
3.5240712402155499e-08
3.1991698020927460e-08
2.9059389802834957e-08
2.6410807281785837e-08
2.4016753945592801e-08
-3.0174108464553386e-04
-1.1272106544035041e-04
-4.1978760905553196e-05
-2.2534158839576510e-05
-1.4163710304111415e-05
-9.7380878306171153e-06
-7.0900197451649654e-06
-5.3709743679758436e-06
-4.1888390334023475e-06
-3.3403516991065568e-06
-2.7108847978837446e-06
-2.2314887258779719e-06
-1.8585202667524436e-06
-1.5631888749031400e-06
-1.3258412318517747e-06
-1.1326709489607131e-06
-9.7373744114312704e-07
-8.4173171256642551e-07
-7.3117953928626821e-07
-6.3791461067263471e-07
-5.5872040087914538e-07
-4.9108135975712885e-07
-4.3300896374720385e-07
-3.8291343143106257e-07
-3.3951334952788716e-07
-3.0176624256131980e-07
-2.6881838764819992e-07
-2.3996488904522990e-07
-2.1461995327830209e-07
-1.9229516067745188e-07
-1.7257950761929153e-07
-1.5512627857407813e-07
-1.3964092059596201e-07
-1.2587287351778626e-07
-1.1360821711941228e-07
-1.0266222812827364e-07
-9.2876719535379488e-08
-8.4114483292306610e-08
-7.6256674645049181e-08
-6.9199559263168054e-08
-6.2853111242539698e-08
-5.7138507948329834e-08
-5.1986485868851496e-08
-4.7336386075328935e-08
-4.3134623650504632e-08
-3.9334242374935247e-08
-3.5893408340912219e-08
-3.2774923644328976e-08
-2.9946248969134145e-08
-2.7378239012138368e-08
-2.5044957803325200e-08
-2.2923223698708810e-08
-2.0992588055254231e-08
-1.9234368273179954e-08
1.0338040096210868e-04
4.0569708825023718e-05
1.6210233130063098e-05
9.1049880568403007e-06
5.8998497959471304e-06
4.1496189017875703e-06
3.0766887993000972e-06
2.3664533221145324e-06
1.8699604636220251e-06
1.5084916494141211e-06
1.2369312889767238e-06
1.0277600665092512e-06
8.6334232045672699e-07
7.3191368574762306e-07
6.2536114587031890e-07
5.3793138337206715e-07
4.6544617743052745e-07
4.0480784608486360e-07
3.5367847939670525e-07
3.1026553426263160e-07
2.7317558433561990e-07
2.4131178467891225e-07
2.1380092013937747e-07
1.8994132600316109e-07
1.6916388661506398e-07
1.5100298914954140e-07
1.3507483164522958e-07
1.2106145362335071e-07
1.0869714724981748e-07
9.7758798280695883e-08
8.8058128195561863e-08
7.9435404286637146e-08
7.1754714344138625e-08
6.4899440849602990e-08
5.8769691848289395e-08
5.3278998432535630e-08
4.8352733528884613e-08
4.3926281154124427e-08
3.9942911555789652e-08
3.6353768848165485e-08
3.3115558841768004e-08
3.0190193300372686e-08
2.7544676237142559e-08
2.5149686574011831e-08
2.2979092270170714e-08
2.1009702899416408e-08
1.9221574075859386e-08
1.7596508721721057e-08
1.6118294308519780e-08
1.4772595489545083e-08
1.3546560999826555e-08
1.2428833805998967e-08
1.1408985107672881e-08
1.0477740710561850e-08
-3.6501890363315812e-05
-1.4656231125686516e-05
-6.1302066299681718e-06
-3.5586606840253708e-06
-2.3589540532286378e-06
-1.6873944750058086e-06
-1.2679038127273697e-06
-9.8600836700897382e-07
-7.8646237676369984e-07
-6.3961537275350997e-07
-5.2825288954919296e-07
-4.4175665252612915e-07
-3.7325469442419290e-07
-3.1812252348599250e-07
-2.7314573666482861e-07
-2.3602760896734006e-07
-2.0508941474569084e-07
-1.7907831556256417e-07
-1.5704364741999240e-07
-1.3825237603659595e-07
-1.2213110300291586e-07
-1.0822704899373504e-07
-9.6177668034792556e-08
-8.5690567901510904e-08
-7.6527020383870727e-08
-6.8491646018067995e-08
-6.1422344421349468e-08
-5.5184368213369232e-08
-4.9664684691694834e-08
-4.4768144478130029e-08
-4.0414318054887202e-08
-3.6534232743978250e-08
-3.3069478461271892e-08
-2.9969725610665960e-08
-2.7191559451532927e-08
-2.4697449639332852e-08
-2.2454811468440422e-08
-2.0435656981102475e-08
-1.8614751374999351e-08
-1.6970812102049705e-08
-1.5484560081496499e-08
-1.4139498814602235e-08
-1.2920765691094091e-08
-1.1815336231987076e-08
-1.0811913142682541e-08
-9.8999419390967006e-09
-9.0704553360955272e-09
-8.3152780036601299e-09
-7.6273315537169245e-09
-7.0001472174109744e-09
-6.4277612428797125e-09
-5.9050600086539221e-09
-5.4274801768442587e-09
-4.9908409228127434e-09
