9
2.9999999999999999e-01
2.0000000000000000e+00
11
0.0000000000000000e+00
9.0000000000000002e-01
2.4763859880209438e-01
2.6148812569150626e-01
1.9134449106664564e-02
6.9923067945752270e-03
2.3647544289534532e-03
9.1849553509248776e-04
3.7086141339093747e-04
1.5712238999805923e-04
6.8354610573424410e-05
3.0413111356174981e-05
1.3762483980803627e-05
7.4973133052719618e-02
7.2420036180128239e-02
-3.2997900036399394e-03
-9.2673454337575218e-04
-2.6306064230365147e-04
-1.1983545932252115e-04
-5.3299625110603254e-05
-2.4011675822104921e-05
-1.1018004800254641e-05
-5.1245384223512227e-06
-2.4076946651051162e-06
-1.4238475311799149e-02
-1.5495237107756018e-02
-1.5940726244264292e-03
-3.9514655932772392e-04
-7.8781715417928082e-05
-2.8151486651562325e-05
-9.7592763142892856e-06
-3.4951815649215283e-06
-1.2981314632529522e-06
-4.9351376843204354e-07
-1.8962678473500383e-07
3.3948331120676363e-03
3.8469194568511423e-03
6.0942473598371691e-04
2.0068208685565815e-04
5.8619902054196437e-05
2.0970908309721779e-05
7.9914018471717646e-06
3.2476481608699641e-06
1.3560470490024186e-06
5.8141536324004087e-07
2.5438429129635812e-07
-9.3088663506617740e-04
-1.0662855290847822e-03
-1.8770691135330548e-04
-6.9306577451217841e-05
-2.3425142903290021e-05
-8.9260507920416835e-06
-3.5326444768276518e-06
-1.4735045122401411e-06
-6.3280156581763515e-07
-2.7815472151584657e-07
-1.2441260827018156e-07
2.8101066202092359e-04
3.2182724308088632e-04
5.7269174243837888e-05
2.2204643928157275e-05
8.0481066501851684e-06
3.2261229151042153e-06
1.3235936115329283e-06
5.6435655958314366e-07
2.4669459634558244e-07
1.1011624811852994e-07
4.9927228997828980e-08
-9.0885439354006757e-05
-1.0371987539534459e-04
-1.8074676498935006e-05
-7.1252438813767351e-06
-2.6615886079233891e-06
-1.1005257963688658e-06
-4.6394429162076065e-07
-2.0175475050746553e-07
-8.9521735357662909e-08
-4.0445453243027667e-08
-1.8531068055198607e-08
3.0919269621367326e-05
3.5146461760911590e-05
5.9522614294465527e-06
2.3492819839409042e-06
8.8507404644630101e-07
3.7151319609725555e-07
1.5920444868588280e-07
7.0239784912207298e-08
3.1540711524944277e-08
1.4389628729417839e-08
6.6475955756665743e-09
-1.0924058515573872e-05
-1.2375120082956050e-05
-2.0400373965059960e-06
-8.0117795559412778e-07
-3.0119764056813230e-07
-1.2700615610196244e-07
-5.4829246119706263e-08
-2.4392703193831771e-08
-1.1040592384371251e-08
-5.0727194036013310e-09
-2.3583192136473580e-09
