15
1.0000000000000000e-02
2.9999999999999999e-01
12
0.0000000000000000e+00
9.0000000000000002e-01
1.0449606543021833e-01
1.1502700326558649e-01
1.4539798447736826e-02
5.3228898261916766e-03
1.8367194931562182e-03
7.3602686463842897e-04
3.0475524829591896e-04
1.3157748646587872e-04
5.8190862277097364e-05
2.6259682562229990e-05
1.2031493449405676e-05
5.5813339436069188e-06
5.7419246560141878e-02
6.2441496052277057e-02
6.8845838092381293e-03
2.4480805477809014e-03
8.1348370969581247e-04
3.1872935808785734e-04
1.2933472432446449e-04
5.4939890220128723e-05
2.3954575124591266e-05
1.0676436175897904e-05
4.8375937484859570e-06
2.2217183901718616e-06
-1.0706946476787989e-02
-1.2066006695120857e-02
-1.8902334232109826e-03
-7.1199461893243468e-04
-2.5405796386960438e-04
-1.0359918580651115e-04
-4.3522538400490519e-05
-1.8995624486089180e-05
-8.4765114636123327e-06
-3.8537436436801684e-06
-1.7769575841143401e-06
-8.2888367332990089e-07
3.4569332260611114e-03
3.8777997954437095e-03
5.8705279191583306e-04
2.2366366039149925e-04
8.0997429068775271e-05
3.3366357330003747e-05
1.4148140650453526e-05
6.2229385056249184e-06
2.7959649304137134e-06
1.2788668937581375e-06
5.9290466296058221e-07
2.7793739024047617e-07
-1.4366727866602957e-03
-1.6062739358357659e-03
-2.3616313620798389e-04
-8.9399627935447064e-05
-3.2154564452519682e-05
-1.3208489658350431e-05
-5.5894920334051297e-06
-2.4555361987264034e-06
-1.1023899460543172e-06
-5.0397357601142746e-07
-2.3357669660937529e-07
-1.0947467946517476e-07
6.7911352456444805e-04
7.5819932801419381e-04
1.1001343731523377e-04
4.1482737176480348e-05
1.4847997166055250e-05
6.0810285589041640e-06
2.5666551504921792e-06
1.1252660274666067e-06
5.0430480683475917e-07
2.3021237515404825e-07
1.0656088077538946e-07
4.9888184892205362e-08
-3.4652096225057751e-04
-3.8660434315262331e-04
-5.5731907354119186e-05
-2.0975297076266573e-05
-7.4898062369355462e-06
-3.0626677661565258e-06
-1.2908394146688554e-06
-5.6525943086832038e-07
-2.5306561064500451e-07
-1.1541687628833153e-07
-5.3380119597502256e-08
-2.4972043477613650e-08
1.8601157584390612e-04
2.0744484715605282e-04
2.9793066672052611e-05
1.1201489579092442e-05
3.9946454777292254e-06
1.6320960424845709e-06
6.8736676687683645e-07
3.0080832698329341e-07
1.3459559923023438e-07
6.1354936318619320e-08
2.8363682959574512e-08
1.3263473472298825e-08
-1.0352865596235269e-04
-1.1542790264165736e-04
-1.6537738045364025e-05
-6.2138595209144149e-06
-2.2142107185937608e-06
-9.0420656747145765e-07
-3.8063867195820491e-07
-1.6651419312713516e-07
-7.4481434117463171e-08
-3.3942116874933575e-08
-1.5686872115861341e-08
-7.3337334836054614e-09
5.9205664023217874e-05
6.5998683756351452e-05
9.4399953654845260e-06
3.5454376198874993e-06
1.2626810684242269e-06
5.1546106623002798e-07
2.1692498770613913e-07
9.4872449735680850e-08
4.2426964105895015e-08
1.9330767550124144e-08
8.9324412620647049e-09
4.1753105995009511e-09
-3.4580566409039948e-05
-3.8543108813494897e-05
-5.5061529609097781e-06
-2.0673349594280671e-06
-7.3597992259823304e-07
-3.0037451291459573e-07
-1.2638128313962628e-07
-5.5263276991296878e-08
-2.4709900435614601e-08
-1.1256879670353727e-08
-5.2009780095219996e-09
-2.4308429936769735e-09
2.0541665485192078e-05
2.2893200083882174e-05
3.2673796121034960e-06
1.2264779881459067e-06
4.3650334102245253e-07
1.7811717687174707e-07
7.4929897470638207e-08
3.2760608981707797e-08
1.4646600004500834e-08
6.6717730066338915e-09
3.0822615989979730e-09
1.4404514493655413e-09
-1.2372036789138275e-05
-1.3787248525989407e-05
-1.9662974905791060e-06
-7.3795411648890082e-07
-2.6257765422026411e-07
-1.0713084542083341e-07
-4.5061858642134345e-08
-1.9699772223702723e-08
-8.8065355451181727e-09
-4.0111600146270753e-09
-1.8529571904311421e-09
-8.6592486180776423e-10
7.5378698753562057e-06
8.3995739823374476e-06
1.1972078925350726e-06
4.4924728239358409e-07
1.5982112314538834e-07
6.5199155575279241e-08
2.7421605861030897e-08
1.1986973218060445e-08
5.3582719331600178e-09
2.4404469330071394e-09
1.1273088581506402e-09
5.2676530291859076e-10
-4.6375455151416096e-06
-5.1674220507536459e-06
-7.3616070505478960e-07
-2.7620768066065633e-07
-9.8246923915709523e-08
-4.0076174547722252e-08
-1.6853924125903112e-08
-7.3669539226975606e-09
-3.2928681032031654e-09
-1.4996482587911156e-09
-6.9269443064454254e-10
-3.2367281804447413e-10
