5
6.0000000000000000e+02
2.0000000000000000e+03
8
8.9000000000000001e-01
9.9990000000000001e-01
9.8448876180176792e-01
1.5988244544936889e-02
-1.2439730630249804e-03
3.9842473998852730e-05
6.1471949404398341e-05
4.8327815412443648e-05
3.6110197246734074e-05
2.7362821103427099e-05
1.8431687378494110e-03
-1.1809050285265482e-03
-2.1896235289914649e-04
-7.9008307528849459e-05
-4.1035605231566473e-05
-2.5565127091116362e-05
-1.7599596312802270e-05
-1.2864205971605852e-05
-4.4340321928687288e-04
2.7871473668522736e-04
5.0279069194779312e-05
1.8516813266925805e-05
9.9723162722310240e-06
6.3723628345505611e-06
4.4491242455350377e-06
3.2769110075190022e-06
1.1418047540844160e-04
-7.0525805717573680e-05
-1.2598236446730622e-05
-4.7568442497094221e-06
-2.6240632711858986e-06
-1.6965864599451584e-06
-1.1904592164074590e-06
-8.7898394637531158e-07
-3.0385627389162352e-05
1.8474586108389615e-05
3.2954736014193659e-06
1.2726837473147449e-06
7.1304294323569054e-07
4.6378143875632643e-07
3.2618820349978933e-07
2.4118086114938733e-07
