5
6.0000000000000000e+02
2.0000000000000000e+03
9
0.0000000000000000e+00
9.0000000000000002e-01
5.7205787952767584e-01
4.8300530411652093e-01
-8.8322090306068912e-02
3.7171601491465599e-03
1.5088482738694643e-03
-1.2118679166252526e-03
2.6976770508462900e-04
-3.0727744504130098e-05
-2.1633645445734716e-05
3.2287405967744544e-03
1.1885883577257743e-03
-1.8247801370164427e-03
2.2941344431406512e-04
-5.1027812965847884e-05
-4.6444143779803714e-05
1.3668278049604356e-05
-6.5906403254736817e-06
-8.0289783218519713e-07
-7.7409231940166840e-04
-2.8636462257802830e-04
4.3903102880807885e-04
-5.2826470603729561e-05
1.1224384714216922e-05
1.1109506435873213e-05
-3.1814902460511916e-06
1.4604440055643138e-06
2.0452214669968747e-07
1.9820242935773038e-04
7.3773343154097206e-05
-1.1259252021043043e-04
1.3068613462163373e-05
-2.6362064791319505e-06
-2.8294541707225443e-06
7.9397923400699596e-07
-3.4727337722245704e-07
-5.4710696901518357e-08
-5.2395154531793749e-05
-1.9635433756550749e-05
2.9778115797501750e-05
-3.3491049795638717e-06
6.3877244775658807e-07
7.4309972816718651e-07
-2.0478171551525333e-07
8.5598052586475025e-08
1.5021531004812824e-08
