12
2.0000000000000000e+00
2.0000000000000000e+01
37
8.9000000000000001e-01
9.9990000000000001e-01
8.6825231161370775e-01
6.6515072909503259e-02
1.0912194897899389e-02
5.5800727037029919e-03
3.3755070886031138e-03
2.2759022908832027e-03
1.6402911481788721e-03
1.2366214205820276e-03
9.6294023923591690e-04
7.6828672289977386e-04
6.2469222615564330e-04
5.1567921791214450e-04
4.3098471254549627e-04
3.6392334562601451e-04
3.0997657283670158e-04
2.6599459299072198e-04
2.2972341151484416e-04
1.9951333625534118e-04
1.7413313532915487e-04
1.5264803577088663e-04
1.3433755178586759e-04
1.1863887183361210e-04
1.0510705897958709e-04
9.3386563155232913e-05
8.3190495639861965e-05
7.4285326669961966e-05
6.6479436742876712e-05
5.9614442800733094e-05
5.3558557389301094e-05
4.8201446274646809e-05
4.3450213218499286e-05
3.9226234481171804e-05
3.5462643584705806e-05
3.2102317576600819e-05
2.9096253332264977e-05
2.6402249575618631e-05
2.3983831493620895e-05
7.8700932117553413e-02
-2.5582064142570714e-02
-7.9611068693564262e-03
-3.8891288174999058e-03
-2.3980729470045453e-03
-1.6418212768535183e-03
-1.1979318643606110e-03
-9.1219444390054866e-04
-7.1622446520209506e-04
-5.7545985100814032e-04
-4.7072881688211280e-04
-3.9062501149461052e-04
-3.2798025051253722e-04
-2.7808706536149789e-04
-2.3774012329093802e-04
-2.0468988121727925e-04
-1.7731654726003241e-04
-1.5442780185766192e-04
-1.3512904811539741e-04
-1.1873774854958652e-04
-1.0472541837856204e-04
-9.2677459937483695e-05
-8.2264793446927935e-05
-7.3223459434975131e-05
-6.5339716894981820e-05
-5.8438996632717989e-05
-5.2377604473241186e-05
-4.7036414604397663e-05
-4.2316022307189210e-05
-3.8132980291732548e-05
-3.4416849189954375e-05
-3.1107864772767357e-05
-2.8155081967248395e-05
-2.5514881578164622e-05
-2.3149764365482751e-05
-2.1027370761596731e-05
-1.9119676635021861e-05
-3.1710544463931671e-02
8.1350107082633141e-03
3.0774197652495955e-03
1.5580735606242411e-03
9.7754337990050991e-04
6.7714235458363192e-04
4.9831158125399435e-04
3.8197613360813748e-04
3.0152229319751014e-04
2.4333850633762486e-04
1.9980165841021032e-04
1.6633997518274821e-04
1.4006073456939219e-04
1.1905295397844439e-04
1.0200862883266116e-04
8.8005503888438863e-05
7.6376719065785473e-05
6.6629533590069592e-05
5.8392959772548769e-05
5.1383046794895520e-05
4.5379285492419202e-05
4.0208213319342095e-05
3.5731797518586477e-05
3.1839056899985664e-05
2.8439924407940619e-05
2.5460686553019002e-05
2.2840546425804552e-05
2.0529009446056438e-05
1.8483865503517128e-05
1.6669622181292217e-05
1.5056271155105838e-05
1.3618314897793782e-05
1.2333986451857839e-05
1.1184623772368915e-05
1.0154162332705612e-05
9.2287217913776304e-06
8.3962673358469603e-06
1.3587322450548495e-02
-2.7659309281563532e-03
-1.2497329573902694e-03
-6.5259351978711280e-04
-4.1559858292424315e-04
-2.9078636737030070e-04
-2.1555285738053870e-04
-1.6615824477555835e-04
-1.3175184935079298e-04
-1.0672371171438788e-04
-8.7904790826000962e-05
-7.3380972243041953e-05
-6.1933818074372368e-05
-5.2754216564231022e-05
-4.5285831960531280e-05
-3.9134813188307709e-05
-3.4015344098415877e-05
-2.9715544847552094e-05
-2.6075414437053831e-05
-2.2972154621389785e-05
-2.0310164449169113e-05
-1.8014065145339461e-05
-1.6023743946384740e-05
-1.4290772467434534e-05
-1.2775774433620732e-05
-1.1446465796082720e-05
-1.0276176107552994e-05
-9.2427193438345502e-06
-8.3275218738147486e-06
-7.5149447951783815e-06
-6.7917473111738449e-06
-6.1466653629866412e-06
-5.5700711816851148e-06
-5.0537012410677569e-06
-4.5904338792952392e-06
-4.1741094411978485e-06
-3.7993827940322665e-06
-6.0022446814490512e-03
9.5045459091359962e-04
5.1732122833753752e-04
2.7870665293029423e-04
1.8007619241169098e-04
1.2720484098950767e-04
9.4943055394979025e-05
7.3571720806647257e-05
5.8582157602309257e-05
4.7617604257921770e-05
3.9335226107246298e-05
3.2918226469364257e-05
2.7843596815208633e-05
2.3762271874412740e-05
2.0433180340866117e-05
1.7684994482817285e-05
1.5392951616595803e-05
1.3464274371176181e-05
1.1828702991999569e-05
1.0432175991555196e-05
9.2325043930233835e-06
8.1963507264036055e-06
7.2970757205056863e-06
6.5131766308983740e-06
5.8271399911737303e-06
5.2245831198205939e-06
4.6936052160365111e-06
4.2242918325591107e-06
3.8083328593770731e-06
3.4387202406250844e-06
3.1095149948475009e-06
2.8156575451914312e-06
2.5528193389014387e-06
2.3172804961107523e-06
2.1058325809238286e-06
1.9156980753885756e-06
1.7444632477727653e-06
2.7020040405967361e-03
-3.1885104821974009e-04
-2.1566988974851145e-04
-1.2013616018522524e-04
-7.8780162033581812e-05
-5.6185882882372738e-05
-4.2222916058666236e-05
-3.2888589641637926e-05
-2.6295757878925031e-05
-2.1446291060045844e-05
-1.7766276911018027e-05
-1.4904056478980741e-05
-1.2633079918022191e-05
-1.0801357817387818e-05
-9.3034519231355601e-06
-8.0641327688592504e-06
-7.0284250755120728e-06
-6.1553200119179110e-06
-5.4136736695375352e-06
-4.7794594840270506e-06
-4.2338841793049875e-06
-3.7620653684647802e-06
-3.3520858652208896e-06
-2.9943093449332688e-06
-2.6808734294349939e-06
-2.4053098535174843e-06
-2.1622599049430787e-06
-1.9472518967390066e-06
-1.7565330202823618e-06
-1.5869343435551409e-06
-1.4357671396357361e-06
-1.3007379825572505e-06
-1.1798833426672894e-06
-1.0715137126540166e-06
-9.7416991598678931e-07
-8.8658817883163834e-07
-8.0766950961026029e-07
-1.2324572160389577e-03
1.0002427392624027e-04
8.9924374369891317e-05
5.1973721451324515e-05
3.4623316353412715e-05
2.4940371085074271e-05
1.8874089989797646e-05
1.4779360742031940e-05
1.1866047112487988e-05
9.7106882926704074e-06
8.0673526627633085e-06
6.7841440761060953e-06
5.7625636248790405e-06
4.9361660523311394e-06
4.2586371577897923e-06
3.6967951387697919e-06
3.2263039169966793e-06
2.8289502124562718e-06
2.4908616464425444e-06
2.2013080691587398e-06
1.9518757284226626e-06
1.7358866036203258e-06
1.5479831650799295e-06
1.3838240584203147e-06
1.2398613106020005e-06
1.1131720048188156e-06
1.0013292219216621e-06
9.0230615191117684e-07
8.1439900011781335e-07
7.3616765977993622e-07
6.6638772474712671e-07
6.0401528463371418e-07
5.4815399852759257e-07
4.9803230318570955e-07
4.5298405247383267e-07
4.1243039870578344e-07
3.7586855565410218e-07
5.6775154184676713e-04
-2.6711626807650548e-05
-3.7299400584675494e-05
-2.2480929796962790e-05
-1.5236413419475377e-05
-1.1092422129097844e-05
-8.4565318644294396e-06
-6.6584779085472584e-06
-5.3691154987735106e-06
-4.4093212664177593e-06
-3.6738760129722053e-06
-3.0972110830594747e-06
-2.6365003959733721e-06
-2.2626783523468305e-06
-1.9553820965228953e-06
-1.6999573369361140e-06
-1.4856137166317134e-06
-1.3042485409009492e-06
-1.1496707650029018e-06
-1.0170774887048018e-06
-9.0269401263874811e-07
-8.0351713340119399e-07
-7.1713173953990380e-07
-6.4157759542554116e-07
-5.7524940000012543e-07
-5.1682257908742834e-07
-4.6519514054607109e-07
-4.1944644276669555e-07
-3.7879993543466645e-07
-3.4259973393080365e-07
-3.1028706106451663e-07
-2.8138430864938983e-07
-2.5548205904605505e-07
-2.3222692536890553e-07
-2.1131282066097445e-07
-1.9247524079347106e-07
-1.7548253415474891e-07
-2.6360693428295536e-04
4.0095578657768025e-06
1.5310745127689474e-05
9.6916992977777001e-06
6.6966913624183864e-06
4.9320700089734054e-06
3.7899868983155696e-06
3.0017043864798577e-06
2.4315334402023601e-06
2.0042535286059678e-06
1.6750844538871670e-06
1.4158333102340991e-06
1.2079334790468836e-06
1.0386991500056563e-06
8.9919162967151801e-07
7.8294600850780364e-07
6.8518260301624876e-07
6.0229782976973018e-07
5.3152924042352843e-07
4.7072752402108614e-07
4.1819815101730641e-07
3.7259042481469326e-07
3.3281524340040681e-07
2.9798678934651862e-07
2.6737809728774062e-07
2.4038836646432250e-07
2.1651732363480123e-07
1.9534519601624472e-07
1.7651922068897631e-07
1.5973925181972350e-07
1.4474980781115931e-07
1.3133309869351554e-07
1.1930096275773488e-07
1.0849161426042046e-07
9.8764689889608987e-08
8.9998180662547002e-08
8.2086011961952446e-08
1.2318793415341719e-04
1.8057643074332755e-06
-6.1811015720079631e-06
-4.1516377198875274e-06
-2.9330737050243879e-06
-2.1882101892142765e-06
-1.6961705171418789e-06
-1.3519496432743884e-06
-1.1005418561097455e-06
-9.1073595650856251e-07
-7.6364656436456998e-07
-6.4723786110087129e-07
-5.5350673502478868e-07
-4.7694281835120012e-07
-4.1363787272035483e-07
-3.6074952569455963e-07
-3.1616568922296351e-07
-2.7828804353127652e-07
-2.4588643931873658e-07
-2.1800064966144686e-07
-1.9387137829171889e-07
-1.7289158771117547e-07
-1.5457067065058767e-07
-1.3850842341378638e-07
-1.2437661582559291e-07
-1.1190234108674820e-07
-1.0085879969231836e-07
-9.1054723364589257e-08
-8.2329403182647516e-08
-7.4545892220100231e-08
-6.7587942926678645e-08
-6.1355149971551244e-08
-5.5761905533393633e-08
-5.0733593986158415e-08
-4.6205877992966150e-08
-4.2122882620423452e-08
-3.8435840225333332e-08
-5.7885060374322307e-05
-2.4757032619093565e-06
2.4331197663127635e-06
1.7611669327637773e-06
1.2772603292169438e-06
9.6697960607112212e-07
7.5685098300441502e-07
6.0750022358663042e-07
4.9719209808592875e-07
4.1320878527296925e-07
3.4769441971856230e-07
2.9556568846210853e-07
2.5340428334484348e-07
2.1883389602320627e-07
1.9015624396582649e-07
1.6612889800037581e-07
1.4582300849303509e-07
1.2853277900955789e-07
1.1371243068609960e-07
1.0093409204990015e-07
8.9858667144561995e-08
8.0214079290044147e-08
7.1780280718411293e-08
6.4376730541697205e-08
5.7854890843695223e-08
5.2091715930257335e-08
4.6984085054653805e-08
4.2445387997232093e-08
3.8402487255664277e-08
3.4792779667203543e-08
3.1563313685341855e-08
2.8668039784951826e-08
2.6068148257700801e-08
2.3729212716941460e-08
2.1621707513254111e-08
1.9720129921250833e-08
1.8001662305480285e-08
2.7329794491837637e-05
1.8932612351499454e-06
-9.2113316177658932e-07
-7.3671715933128238e-07
-5.5157922424261338e-07
-4.2479002892212202e-07
-3.3617750205031881e-07
-2.7197140466395416e-07
-2.2391955461507330e-07
-1.8697661096897012e-07
-1.5793878681980710e-07
-1.3469341303600178e-07
-1.1579777440281416e-07
-1.0023854656210194e-07
-8.7285008196313233e-08
-7.6397559395498909e-08
-6.7171007930831808e-08
-5.9295170338297955e-08
-5.2529597926386701e-08
-4.6684684209213713e-08
-4.1609546677347996e-08
-3.7182877463860428e-08
-3.3305935697309944e-08
-2.9898001149669648e-08
-2.6891966826226267e-08
-2.4232541250939035e-08
-2.1872952017445806e-08
-1.9774094962114211e-08
-1.7902363671850609e-08
-1.6230033872519263e-08
-1.4732209840014819e-08
-1.3388692121191844e-08
-1.2180971996015080e-08
-1.1093854030777346e-08
-1.0113701030778035e-08
-9.2283676587290688e-09
-8.4282761019117449e-09
