8
2.0000000000000000e+01
8.0000000000000000e+01
4
1.1000000000000001e+00
1.6000000000000001e+00
2.1614086940432289e+00
1.3457007621413644e-03
-5.2750845400639920e-04
1.3065664588700595e-04
-4.4545034429411989e-01
-8.8339116130359372e-04
3.4515542624830432e-04
-8.4964894860500108e-05
9.3323050344060077e-02
2.8996603017865331e-04
-1.1292520842697289e-04
2.7626899265233042e-05
-2.3007351380910538e-02
-9.5183378719929955e-05
3.6947813458395821e-05
-8.9834034692353727e-06
6.1115142066627800e-03
3.1246072617550264e-05
-1.2089517735797074e-05
2.9212411057199335e-06
-1.6952363087126185e-03
-1.0257711825700631e-05
3.9559642795737907e-06
-9.4997741844494920e-07
4.8380015716658931e-04
3.3676480456055780e-06
-1.2945524895148531e-06
3.0894433600568488e-07
-1.4088959248620148e-04
-1.1056672847627614e-06
4.2365434276822801e-07
-1.0047777662522635e-07
