14
0.0000000000000000e+00
2.0000000000000000e+00
4
1.6000000000000001e+00
2.1000000000000001e+00
5.9434700816897514e+00
1.3908742621756296e-03
-7.0706191946402893e-04
2.4596740572024542e-04
-1.2876568697519928e+00
-1.6875168797877312e-03
8.4054244029039367e-04
-2.8291853882174710e-04
3.6614505124451885e-01
1.0921301739869878e-03
-5.3533393115104367e-04
1.7555447404068135e-04
-1.3714558643366787e-01
-7.4442897051638166e-04
3.5989944078167776e-04
-1.1532920555593472e-04
5.8918639758690647e-02
5.2531589822204486e-04
-2.5042854149475054e-04
7.8302243384680624e-05
-2.7488992692488928e-02
-3.7780919114645066e-04
1.7725503666282853e-04
-5.3838423439790889e-05
1.3554691871758551e-02
2.7378270309223458e-04
-1.2606635051165039e-04
3.6977295405687550e-05
-6.9555147939746971e-03
-1.9845482997629817e-04
8.9417354446428521e-05
-2.5163373324376444e-05
3.6787501276634212e-03
1.4329908207343342e-04
-6.2990893507092240e-05
1.6890522537240900e-05
-1.9926295768075536e-03
-1.0286035603975820e-04
4.3984740837632476e-05
-1.1155595414262698e-05
1.1004426647217176e-03
7.3335198162182208e-05
-3.0420289043578003e-05
7.2388271917162579e-06
-6.1760601178772220e-04
-5.1925729959170910e-05
2.0836229666524573e-05
-4.6092703731448901e-06
3.5139868418331585e-04
3.6523428580217894e-05
-1.4137431314838683e-05
2.8757183445543974e-06
-2.0231086755567620e-04
-2.5531482499029270e-05
9.5055810120130640e-06
-1.7542052199001847e-06
