12
2.0000000000000000e+00
2.0000000000000000e+01
4
1.3999999999999999e+00
1.8999999999999999e+00
3.4939075078543533e+00
7.8121206732692094e-04
-3.6848627759416370e-04
1.1602654306884676e-04
-9.7405100155241442e-01
-7.7039647984274715e-04
3.6118257154986157e-04
-1.1253755787429828e-04
2.8724437452412577e-01
3.8002042956926792e-04
-1.7709155481275034e-04
5.4603778024659054e-05
-1.0163624451691340e-01
-1.8753928235230616e-04
8.6873357776307746e-05
-2.6509429008893754e-05
3.9223833993667925e-02
9.2594683138555125e-05
-4.2639893716725838e-05
1.2878650567108098e-05
-1.5942953759281037e-02
-4.5740893507661454e-05
2.0941622156706313e-05
-6.2614484922246035e-06
6.7100008643370141e-03
2.2608134781876243e-05
-1.0291862828654651e-05
3.0468991048078582e-06
-2.8961598909685591e-03
-1.1181069881181638e-05
5.0616556201987229e-06
-1.4841112277368404e-06
1.2742200835254370e-03
5.5332187688371211e-06
-2.4913353261620965e-06
7.2368227165470111e-07
-5.6914999364346495e-04
-2.7400953453850305e-06
1.2272675575484522e-06
-3.5330666430617372e-07
2.5735049552740551e-04
1.3578896064428330e-06
-6.0511866497911871e-07
1.7271431008864124e-07
-1.1755065020810189e-04
-6.7342899345229168e-07
2.9865025825142053e-07
-8.4552791841466630e-08
