11
8.0000000000000000e+01
6.0000000000000000e+02
69
9.8070000000000002e-01
9.9997100000000005e-01
1.7715093415548857e+00
-7.3614608935048620e-01
-1.3253279091599113e-01
-5.9824422055068063e-02
-3.5039190380027549e-02
-2.3176423640745725e-02
-1.6437235964160034e-02
-1.2202965490877194e-02
-9.3583154094476033e-03
-7.3530897424380175e-03
-5.8873405207221455e-03
-4.7851196955603446e-03
-3.9372171333827248e-03
-3.2727171758165142e-03
-2.7438375974897003e-03
-2.3173760113976089e-03
-1.9696518871200946e-03
-1.6833946963648828e-03
-1.4457633230181973e-03
-1.2470478919327298e-03
-1.0797967343560955e-03
-9.3821579712007660e-04
-8.1774707211764363e-04
-7.1476730675438518e-04
-6.2636916394101939e-04
-5.5019992417244422e-04
-4.8434101481585390e-04
-4.2721693488594899e-04
-3.7752563720976420e-04
-3.3418476993701129e-04
-2.9628977587015939e-04
-2.6308095155314591e-04
-2.3391734120899009e-04
-2.0825589535383683e-04
-1.8563471840887051e-04
-1.6565951581247652e-04
-1.4799256320492722e-04
-1.3234367961941033e-04
-1.1846280260883736e-04
-1.0613384868032614e-04
-9.5169614953743048e-05
-8.5407527572975273e-05
-7.6706080921461650e-05
-6.8941843675202402e-05
-6.2006933432483979e-05
-5.5806879281258854e-05
-5.0258805698621297e-05
-4.5289885887213772e-05
-4.0836020663295727e-05
-3.6840706683983771e-05
-3.3254064512363811e-05
-3.0032001177760343e-05
-2.7135488157550017e-05
-2.4529937231807051e-05
-2.2184658706684565e-05
-2.0072391164778628e-05
-1.8168892712288277e-05
-1.6452584424076093e-05
-1.4904238878391614e-05
-1.3506707665733500e-05
-1.2244682934351564e-05
-1.1104488323602785e-05
-1.0073894745547472e-05
-9.1419583712837041e-06
-8.2988788486474201e-06
-7.5358728058212574e-06
-6.8450626535590831e-06
-6.2193790073915536e-06
-5.6524733838926205e-06
3.3544577828739042e-01
-2.3124646521004327e-01
-3.3631275491949435e-02
-1.2385128489971302e-02
-6.5313083200109895e-03
-4.0819895585252021e-03
-2.7885053450946778e-03
-2.0114939194802264e-03
-1.5063601133056973e-03
-1.1597261596756779e-03
-9.1215414692347391e-04
-7.2976118137400446e-04
-5.9200719607234214e-04
-4.8582973175224160e-04
-4.0259300999605024e-04
-3.3640066845877471e-04
-2.8311545464830334e-04
-2.3976577367506023e-04
-2.0417363443423576e-04
-1.7471424150488252e-04
-1.5015648243064624e-04
-1.2955459277803861e-04
-1.1217303782429174e-04
-9.7433454232229941e-05
-8.4876537240524669e-05
-7.4134251687605956e-05
-6.4909290097802468e-05
-5.6959698367278572e-05
-5.0087233662485245e-05
-4.4128457266501934e-05
-3.8947856054374121e-05
-3.4432480621729696e-05
-3.0487730538327563e-05
-2.7034016740533146e-05
-2.4004100834725141e-05
-2.1340959121040563e-05
-1.8996055337523378e-05
-1.6927937996573482e-05
-1.5101095438832405e-05
-1.3485015477780967e-05
-1.2053407850026673e-05
-1.0783562041376261e-05
-9.6558123219224909e-06
-8.6530899315075432e-06
-7.7605477227895107e-06
-6.9652453518842648e-06
-6.2558827827304076e-06
-5.6225732417217144e-06
-5.0566515308965500e-06
-4.5505119861068464e-06
-4.0974678751859803e-06
-3.6916307738931379e-06
-3.3278086903272670e-06
-3.0014178617440533e-06
-2.7084060500994352e-06
-2.4451858978799019e-06
-2.2085787796112585e-06
-1.9957649829443577e-06
-1.8042401891146095e-06
-1.6317777590664316e-06
-1.4763968216639726e-06
-1.3363328215940057e-06
-1.2100123703116586e-06
-1.0960320010699489e-06
-9.9313850542059854e-07
-9.0021161216400036e-07
-8.1624940283995776e-07
-7.4035512773508134e-07
-6.7172612010616314e-07
-4.8109752464634933e-02
3.1384847392982924e-02
4.2760650204380322e-03
1.7966955133740046e-03
1.0423739731027775e-03
6.7972076114027351e-04
4.7306224015425922e-04
3.4465666764375629e-04
2.5985443766916101e-04
2.0113338075995892e-04
1.5892128730057316e-04
1.2765598069843369e-04
1.0393163209310331e-04
8.5568183424501531e-05
7.1116990458237387e-05
5.9584504827613622e-05
5.0270714627001033e-05
4.2670893282306194e-05
3.6413765350302122e-05
3.1221408859027626e-05
2.6882558079363010e-05
2.3234416946269307e-05
2.0150009431593814e-05
1.7529216199888742e-05
1.5292318620433065e-05
1.3375280430125537e-05
1.1726249704246401e-05
1.0302931293704989e-05
9.0705956112718284e-06
8.0005523477794610e-06
7.0689663632897510e-06
6.2559321884737074e-06
5.5447480051913761e-06
4.9213389573418841e-06
4.3737936319727248e-06
3.8919933603176439e-06
3.4673128116169909e-06
3.0923749778281407e-06
2.7608502923307831e-06
2.4672927852528813e-06
2.2070040003897659e-06
1.9759203052034186e-06
1.7705177239093594e-06
1.5877343673294483e-06
1.4249040309876367e-06
1.2796999799941226e-06
1.1500876914411760e-06
1.0342860951858641e-06
9.3073265648777009e-07
8.3805382544605281e-07
7.5504085355972714e-07
6.8062865131665464e-07
6.1387755753473600e-07
5.5395660400721146e-07
5.0013068490852861e-07
4.5174868450560910e-07
4.0823355399661470e-07
3.6907209687502452e-07
3.3380856866799373e-07
3.0203772607268367e-07
2.7339862150051952e-07
2.4756917008054086e-07
2.2426256778265259e-07
2.0322255838211891e-07
1.8421988360387410e-07
1.6704947841922412e-07
1.5152856929425176e-07
1.3749290294892327e-07
1.2479500319427911e-07
1.2101135991533668e-02
-7.5337131226369024e-03
-1.0755153254404697e-03
-4.8638490609663899e-04
-2.8503593179632765e-04
-1.8527074988937176e-04
-1.2877749953692786e-04
-9.3917195970556110e-05
-7.0943830448247415e-05
-5.5024117987560633e-05
-4.3559008139263929e-05
-3.5049472097098193e-05
-2.8579448990988335e-05
-2.3562216776516326e-05
-1.9607279405445687e-05
-1.6446316229151661e-05
-1.3889929780314269e-05
-1.1801320451508378e-05
-1.0079691813481142e-05
-8.6494748698531868e-06
-7.4531429511568776e-06
-6.4463078452230492e-06
-5.5943027484880487e-06
-4.8697608132578686e-06
-4.2508682856588361e-06
-3.7200825857225551e-06
-3.2631840227753289e-06
-2.8685634684563555e-06
-2.5266803229766128e-06
-2.2296448106689946e-06
-1.9708968433866482e-06
-1.7449543496421210e-06
-1.5472142708259569e-06
-1.3737935243171504e-06
-1.2214040814329754e-06
-1.0872514418924020e-06
-9.6895173170307322e-07
-8.6446442037470497e-07
-7.7203781202822676e-07
-6.9016436071505449e-07
-6.1754242901668071e-07
-5.5304521055954735e-07
-4.9569553763318665e-07
-4.4464426105395699e-07
-3.9915058330480022e-07
-3.5856831692808261e-07
-3.2233288493371389e-07
-2.8994911581471418e-07
-2.6098168243000883e-07
-2.3504860583121045e-07
-2.1181422917031345e-07
-1.9098162101819753e-07
-1.7228861741005249e-07
-1.5550404986328021e-07
-1.4042345602179011e-07
-1.2686471964058683e-07
-1.1466673749141781e-07
-1.0368680206344804e-07
-9.3797512963036472e-08
-8.4885669613763250e-08
-7.6850696656693169e-08
-6.9602633682673572e-08
-6.3061025493958059e-08
-5.7154272051418755e-08
-5.1818543732190518e-08
-4.6996565926319398e-08
-4.2636830665627102e-08
-3.8693402573791200e-08
-3.5125268873556856e-08
-3.7121708473527616e-03
2.2311253425383554e-03
3.3624629711789789e-04
1.5648371462981345e-04
9.1442644333525509e-05
5.9345247532234329e-05
4.1305646110068007e-05
3.0185527557669506e-05
2.2843704594774545e-05
1.7744671676563982e-05
1.4065299182977195e-05
1.1330028559767840e-05
9.2474910741294076e-06
7.6306458761377117e-06
6.3547795136499574e-06
5.3340714481692720e-06
4.5078673657765333e-06
3.8323050950081223e-06
3.2750317915622416e-06
2.8117700257601290e-06
2.4240207847272176e-06
2.0974970826721884e-06
1.8210331549964205e-06
1.5858082528817522e-06
1.3847846392600801e-06
1.2122990775381852e-06
1.0637600010186315e-06
9.3541546061761856e-07
8.2417919106928390e-07
7.2749836356787578e-07
6.4325043548931943e-07
5.6965908376372169e-07
5.0523241288340146e-07
4.4871175306614026e-07
3.9903134753806223e-07
3.5528380263375176e-07
3.1669510593445135e-07
2.8260320109043561e-07
2.5243908696750043e-07
2.2571226238106752e-07
2.0199989816304022e-07
1.8093578045234966e-07
1.6220184099130824e-07
1.4552159263903548e-07
1.3065433189748748e-07
1.1738980521358475e-07
1.0554355577846654e-07
9.4954137245713880e-08
8.5480444693017652e-08
7.6997944101549716e-08
6.9396577612193218e-08
6.2579606128205632e-08
5.6462073422103391e-08
5.0968354252341290e-08
4.6031246908771977e-08
4.1591730422823177e-08
3.7597269108090085e-08
3.4001372130868960e-08
3.0762007361927563e-08
2.7842521000951267e-08
2.5209849045145927e-08
2.2834658576499825e-08
2.0690665956783071e-08
1.8754812710275211e-08
1.7005725529568336e-08
1.5424682566321208e-08
1.3994994740001084e-08
1.2702108715857714e-08
1.1532007865722778e-08
1.2610901275493902e-03
-7.3746132331619241e-04
-1.1636910063027260e-04
-5.4794571336513714e-05
-3.1939300524624832e-05
-2.0741090390477337e-05
-1.4463294674074228e-05
-1.0587307846754782e-05
-8.0228083104685993e-06
-6.2386782885865950e-06
-4.9495707555853293e-06
-3.9901837642380945e-06
-3.2590409530231700e-06
-2.6909093475028306e-06
-2.2422473627832598e-06
-1.8830630559361994e-06
-1.5921391276327458e-06
-1.3541205310653117e-06
-1.1576733836398761e-06
-9.9428579581887417e-07
-8.5746728840332318e-07
-7.4220341360971576e-07
-6.4457188664244084e-07
-5.6147183762873123e-07
-4.9042899264966615e-07
-4.2945197909669940e-07
-3.7692416312105946e-07
-3.3152343118094418e-07
-2.9216362356521111e-07
-2.5794539138911244e-07
-2.2811974538570395e-07
-2.0205981632674022e-07
-1.7924037017277606e-07
-1.5921697514778782e-07
-1.4161265718092583e-07
-1.2610730932550366e-07
-1.1242822805464428e-07
-1.0034072191524878e-07
-8.9643536859037392e-08
-8.0163827756680231e-08
-7.1752112026284123e-08
-6.4278377586565266e-08
-5.7630403002314372e-08
-5.1710560336846657e-08
-4.6433266818213315e-08
-4.1723773021629265e-08
-3.7517374539387131e-08
-3.3757233557695777e-08
-3.0392677614367031e-08
-2.7379292814110716e-08
-2.4678846509558116e-08
-2.2257001236140542e-08
-2.0083113500584099e-08
-1.8130623445337225e-08
-1.6375913022988153e-08
-1.4798059371411222e-08
-1.3378050492446258e-08
-1.2099548156892001e-08
-1.0947738478529377e-08
-9.9095592877792130e-09
-8.9731135780902621e-09
-8.1284839728306362e-09
-7.3659595301891525e-09
-6.6771554775974567e-09
-6.0547749460067555e-09
-5.4924968352927825e-09
-4.9838254096109527e-09
-4.5235814660415801e-09
-4.1070154009787051e-09
-4.5583962369163586e-04
2.6071340950402545e-04
4.2708653745869706e-05
2.0217253782147369e-05
1.1771574769237457e-05
7.6547643884646627e-06
5.3466869338815435e-06
3.9188628376172630e-06
2.9725871732597106e-06
2.3134482114543623e-06
1.8367219875733053e-06
1.4816273853946535e-06
1.2108071197252997e-06
1.0002257464649781e-06
8.3382605208670327e-07
7.0053807717481676e-07
5.9252645958346254e-07
5.0411711714380302e-07
4.3111792273724423e-07
3.7037969793186247e-07
3.1950045940744243e-07
2.7662236805332052e-07
2.4029133766427068e-07
2.0935904361594347e-07
1.8290809777556454e-07
1.6019832500568095e-07
1.4063007564624658e-07
1.2371357175690110e-07
1.0904495093192970e-07
9.6289000039861870e-08
8.5168379639033800e-08
7.5450653862532979e-08
6.6939391693589438e-08
5.9469331841019269e-08
5.2901004019263269e-08
4.7114992365087101e-08
4.2009311618939845e-08
3.7497072169391076e-08
3.3503570435222147e-08
2.9963991329628559e-08
2.6822578244563001e-08
2.4031376647868998e-08
2.1548212827327295e-08
1.9336436018209761e-08
1.7364478287200552e-08
1.5604915288182349e-08
1.4033163746179159e-08
1.2627682512315927e-08
1.1369860043323032e-08
1.0243485869395527e-08
9.2340587198883062e-09
8.3283528307225105e-09
7.5153920134154805e-09
6.7854845546343197e-09
6.1293423267205061e-09
5.5389173318667188e-09
5.0077947665039415e-09
4.5295590287239534e-09
4.0985725669265301e-09
3.7101077619226333e-09
3.3598930283674632e-09
3.0437982436375298e-09
2.7582460867537572e-09
2.5005312673035173e-09
2.2678204068826198e-09
2.0571350338141283e-09
1.8665014765957809e-09
1.6944333161519134e-09
1.5386355060279060e-09
1.7177864007957659e-04
-9.6438273361587233e-05
-1.6289892373227415e-05
-7.7326293690858879e-06
-4.5018445066504757e-06
-2.9317887565497201e-06
-2.0505900674922184e-06
-1.5045196848613681e-06
-1.1421536386367081e-06
-8.8949964905360397e-07
-7.0661825702512531e-07
-5.7029984103786091e-07
-4.6626912606771484e-07
-3.8533331820419258e-07
-3.2134573619957652e-07
-2.7006780400332144e-07
-2.2849739244739566e-07
-1.9445804470655815e-07
-1.6634198152702044e-07
-1.4294143900051406e-07
-1.2333302891882170e-07
-1.0680309463392851e-07
-9.2794105723211409e-08
-8.0864274540359180e-08
-7.0659640875501595e-08
-6.1896383611359794e-08
-5.4344635429995376e-08
-4.7814690303838112e-08
-4.2150856294950112e-08
-3.7225233486144980e-08
-3.2930674870438957e-08
-2.9176686172089606e-08
-2.5888126233968712e-08
-2.3002023313331318e-08
-2.0463801536878453e-08
-1.8227247121736036e-08
-1.6253614020025008e-08
-1.4509555359992314e-08
-1.2965387094475914e-08
-1.1596577318839161e-08
-1.0381855748388364e-08
-9.3022787799112313e-09
-8.3414203186899359e-09
-7.4860484934767103e-09
-6.7234175594432386e-09
-6.0424414753791921e-09
-5.4339116896751556e-09
-4.8901327125542190e-09
-4.4035895328580177e-09
-3.9675362825825101e-09
-3.5766526936539718e-09
-3.2262113349500218e-09
-2.9116354387533516e-09
-2.6287199293982992e-09
-2.3746362620507828e-09
-2.1460750026032145e-09
-1.9404521240455875e-09
-1.7551934011568124e-09
-1.5884219735750689e-09
-1.4378779922467929e-09
-1.3020944894015610e-09
-1.1796452950132696e-09
-1.0692312506566458e-09
-9.6932293878435612e-10
-8.7896453977737715e-10
-7.9741109018302047e-10
-7.2380641356816572e-10
-6.5703750469652479e-10
-5.9642443871273059e-10
-6.6695796088546658e-05
3.6850659917957046e-05
6.3857002948414037e-06
3.0364473358499227e-06
1.7685747745563029e-06
1.1533899127500583e-06
8.0763956555362418e-07
5.9307157231700768e-07
4.5053983703916246e-07
3.5108133359717460e-07
2.7903868766367672e-07
2.2530616141453556e-07
1.8427882373309825e-07
1.5234388828199730e-07
1.2708555369998871e-07
1.0683654562835650e-07
9.0414774977862037e-08
7.6964059909268484e-08
6.5850815815143456e-08
5.6598386936698094e-08
4.8843277459967221e-08
4.2304935076618997e-08
3.6762176972232952e-08
3.2040546795714017e-08
2.8001355040650833e-08
2.4532416254840408e-08
2.1541983402461230e-08
1.8955694332953355e-08
1.6712634987463203e-08
1.4761501360561320e-08
1.3059625735644689e-08
1.1571944402987970e-08
1.0269001048691826e-08
9.1250153810909612e-09
8.1185655587626463e-09
7.2321088749615620e-09
6.4497229831743349e-09
5.7579696009391614e-09
5.1455234391217293e-09
4.6028512863983330e-09
4.1208770381943813e-09
3.6924976856001139e-09
3.3115662377720115e-09
2.9723336584216021e-09
2.6692824279775645e-09
2.3989856227947179e-09
2.1579147320885812e-09
1.9421748258997107e-09
1.7487751451742361e-09
1.5757142437667071e-09
1.4207737034577789e-09
1.2814892718900586e-09
1.1563698072397010e-09
1.0441817181595374e-09
9.4353890066625975e-10
8.5265330619563548e-10
7.7093594465345812e-10
6.9748008683778979e-10
6.3109805450338386e-10
5.7119854993541043e-10
5.1750509491432712e-10
4.6892809407124517e-10
4.2480627771590377e-10
3.8513780700094299e-10
3.4949007323852946e-10
3.1710103240071048e-10
2.8755715153363598e-10
2.6100977832802144e-10
2.3723997297711812e-10
2.6483678229532517e-05
-1.4429335248984923e-05
-2.5551717056950840e-06
-1.2165670531613834e-06
-7.0911506017507272e-07
-4.6304639977642695e-07
-3.2455585207341116e-07
-2.3850582129165278e-07
-1.8129574328287288e-07
-1.4134588324137130e-07
-1.1239059213450369e-07
-9.0783142228612166e-08
-7.4276961107930329e-08
-6.1423543463096819e-08
-5.1253673901550670e-08
-4.3097613046031052e-08
-3.6481428069768329e-08
-3.1060979269880353e-08
-2.6580572517767333e-08
-2.2849779951980828e-08
-1.9722603764953661e-08
-1.7085132432628202e-08
-1.4848341354935584e-08
-1.2943274955323613e-08
-1.1313331210297768e-08
-9.9125652590008554e-09
-8.7051437970042070e-09
-7.6613605608898856e-09
-6.7554668358413214e-09
-5.9669149593455394e-09
-5.2797224449634064e-09
-4.6789354943554231e-09
-4.1521298314233165e-09
-3.6898258732431972e-09
-3.2835263817496083e-09
-2.9251156777378146e-09
-2.6086337211620506e-09
-2.3292110675319053e-09
-2.0816990642331112e-09
-1.8619663912227810e-09
-1.6672041972848945e-09
-1.4943476516066749e-09
-1.3399986389910953e-09
-1.2024344982077980e-09
-1.0802488193815838e-09
-9.7115927826296030e-10
-8.7331112726851274e-10
-7.8594956982526358e-10
-7.0804636198146470e-10
-6.3791531071847099e-10
-5.7498159591368591e-10
-5.1874198127445406e-10
-4.6827161532491131e-10
-4.2284473790296809e-10
-3.8195624277085931e-10
-3.4526220586563459e-10
-3.1216683025165834e-10
-2.8238112183782155e-10
-2.5551777722936691e-10
-2.3144427375095717e-10
-2.0951733865860629e-10
-1.8979363348103406e-10
-1.7214392026324379e-10
-1.5619747618555063e-10
-1.4148437806322968e-10
-1.2826828180820958e-10
-1.1656643638624705e-10
-1.0590338406207221e-10
-9.6029771320572070e-11
-1.0701665363963285e-05
5.7584157253087477e-06
1.0389414143219445e-06
4.9520888533132083e-07
2.8890502320877738e-07
1.8887023794005917e-07
1.3249461065876321e-07
9.7429868695610367e-08
7.4099385055478912e-08
5.7797054206570480e-08
4.5975186105961307e-08
3.7148778349180028e-08
3.0403593825364910e-08
2.5149184581716862e-08
2.0990048990629652e-08
1.7653758760241289e-08
1.4946987952548014e-08
1.2728232297722467e-08
1.0893815856546435e-08
9.3667416199249322e-09
8.0859179545495958e-09
7.0051834715564064e-09
6.0891968452694218e-09
5.3087379966123759e-09
4.6402932141841371e-09
4.0662036856580549e-09
3.5717790982505068e-09
3.1435747740291766e-09
2.7718600370804740e-09
2.4488057224972797e-09
2.1670046892030955e-09
1.9203048634313878e-09
1.7043735612185302e-09
1.5149240205346156e-09
1.3480005697316014e-09
1.2007907056169521e-09
1.0712268455106303e-09
9.5645559320507819e-10
8.5473003330044510e-10
7.6476640648736716e-10
6.8488909332401783e-10
6.1353223759721289e-10
5.5017850258371291e-10
4.9417326850599089e-10
4.4395092586935709e-10
3.9872411606012302e-10
3.5875127155928519e-10
3.2310178627414258e-10
2.9087844338956965e-10
2.6193651499925607e-10
2.3637280402793815e-10
2.1328166226602077e-10
1.9230177424031406e-10
1.7369719168555764e-10
1.5700862273573487e-10
1.4189663797067576e-10
1.2823237562977780e-10
1.1616383476848909e-10
1.0510065532363767e-10
9.5063845478512270e-11
8.6070660910222993e-11
7.8194173102534080e-11
7.0760979941789484e-11
6.3977827006319131e-11
5.8232327306007837e-11
5.2922028770260160e-11
4.7852429078517969e-11
4.3436886410736565e-11
3.9498687022053195e-11
