21
0.0000000000000000e+00
2.0000000000000000e+00
113
9.8089999999999999e-01
9.9999099999999996e-01
8.1188473049844800e-01
-1.4854866357547092e-01
-4.1941136012391807e-02
-2.2572025890301321e-02
-1.4584484274477279e-02
-1.0368985900767354e-02
-7.8171978560306575e-03
-6.1315233879943240e-03
-4.9484733745142843e-03
-4.0804601634648616e-03
-3.4216027188057850e-03
-2.9079459064166617e-03
-2.4987487129590541e-03
-2.1669210131926623e-03
-1.8938020314597397e-03
-1.6661512586489732e-03
-1.4743346082191700e-03
-1.3111886167985905e-03
-1.1712856049244207e-03
-1.0504445765621550e-03
-9.4539748865277000e-04
-8.5355648013993876e-04
-7.7284831314793285e-04
-7.0159453801545103e-04
-6.3842337481822284e-04
-5.8220398345484414e-04
-5.3199679154115355e-04
-4.8701550865445827e-04
-4.4659775839774827e-04
-4.1018214362173818e-04
-3.7729016929299712e-04
-3.4751187069958107e-04
-3.2049429585577044e-04
-2.9593220653315044e-04
-2.7356051841902337e-04
-2.5314811462074993e-04
-2.3449275261544421e-04
-2.1741684718137237e-04
-2.0176395958081228e-04
-1.8739586032111841e-04
-1.7419005971059721e-04
-1.6203772221829205e-04
-1.5084189776870720e-04
-1.4051601546018742e-04
-1.3098259585829199e-04
-1.2217214624892449e-04
-1.1402220937503875e-04
-1.0647654175655196e-04
-9.9484401647552699e-05
-9.2999930215857476e-05
-8.6981612052166476e-05
-8.1391803608063849e-05
-7.6196320085493809e-05
-7.1364072349404574e-05
-6.6866747239064468e-05
-6.2678525396165510e-05
-5.8775831630345892e-05
-5.5137113552478846e-05
-5.1742645083932825e-05
-4.8574351370363875e-05
-4.5615652806033008e-05
-4.2851325684694098e-05
-4.0267377403707447e-05
-3.7850934624827996e-05
-3.5590142990297659e-05
-3.3474076811284694e-05
-3.1492657669541632e-05
-2.9636581251422968e-05
-2.7897251101502358e-05
-2.6266718610464749e-05
-2.4737628986532252e-05
-2.3303171969622211e-05
-2.1957037189409535e-05
-2.0693373732063078e-05
-1.9506753165384781e-05
-1.8392135842706247e-05
-1.7344840427176310e-05
-1.6360515836515818e-05
-1.5435115620993635e-05
-1.4564874735441405e-05
-1.3746288077530657e-05
-1.2976090786078066e-05
-1.2251240420309260e-05
-1.1568900437052606e-05
-1.0926424953079690e-05
-1.0321344886297986e-05
-9.7513551095730119e-06
-9.2143026796023244e-06
-8.7081759127176764e-06
-8.2310944429910097e-06
-7.7812998938203962e-06
-7.3571473700000931e-06
-6.9570975953443593e-06
-6.5797095606776186e-06
-6.2236338514760987e-06
-5.8876063350857062e-06
-5.5704424216104097e-06
-5.2710316626145282e-06
-4.9883328359663790e-06
-4.7213693123506258e-06
-4.4692247308454355e-06
-4.2310391090825562e-06
-4.0060051154840652e-06
-3.7933645908178548e-06
-3.5924054372973042e-06
-3.4024586037977046e-06
-3.2228953055540763e-06
-3.0531244973707496e-06
-2.8925904823196216e-06
-2.7407705580760739e-06
-2.5971731060588645e-06
-2.4613355464087870e-06
-2.3328224966689784e-06
7.5921502538211533e-02
-3.2567244492215187e-02
-7.1088429173328700e-03
-3.5899816737840866e-03
-2.2286373922416509e-03
-1.5382008828821198e-03
-1.1331559047686600e-03
-8.7229265735319162e-04
-6.9304324964258532e-04
-5.6387885967442894e-04
-4.6736347116142622e-04
-3.9315144643521822e-04
-3.3475577285913818e-04
-2.8792382197253668e-04
-2.4976369058441324e-04
-2.1824748971046890e-04
-1.9191560026366711e-04
-1.6969356881391991e-04
-1.5077487787476922e-04
-1.3454367491816114e-04
-1.2052252564930897e-04
-1.0833628365321962e-04
-9.7686597925834021e-05
-8.8333600880673854e-05
-8.0082540616155720e-05
-7.2773877105524918e-05
-6.6275846556486110e-05
-6.0478811437025454e-05
-5.5290917846852634e-05
-5.0634723273406556e-05
-4.6444553898961058e-05
-4.2664414649329477e-05
-3.9246322162795048e-05
-3.6148966326069137e-05
-3.3336627144013628e-05
-3.0778291860045947e-05
-2.8446932233049638e-05
-2.6318908358930698e-05
-2.4373473974879769e-05
-2.2592365038611917e-05
-2.0959454982210484e-05
-1.9460464162302412e-05
-1.8082714953086823e-05
-1.6814923984346302e-05
-1.5647024618054144e-05
-1.4570015645317674e-05
-1.3575831528799953e-05
-1.2657230143984861e-05
-1.1807696203198750e-05
-1.1021357921964440e-05
-1.0292913815596619e-05
-9.6175693577866858e-06
-8.9909818199815310e-06
-8.4092115805546177e-06
-7.8686794142982486e-06
-7.3661292565770979e-06
-6.8985949410124409e-06
-6.4633708421932952e-06
-6.0579862483670214e-06
-5.6801821171588895e-06
-5.3278906107774093e-06
-4.9992170695950969e-06
-4.6924235860122243e-06
-4.4059143076272151e-06
-4.1382226624028115e-06
-3.8879996020538763e-06
-3.6540028747824223e-06
-3.4350878258406342e-06
-3.2301988450799056e-06
-3.0383614779875717e-06
-2.8586756635553535e-06
-2.6903094504355741e-06
-2.5324931085545998e-06
-2.3845142285472245e-06
-2.2457128895007799e-06
-2.1154773114085552e-06
-1.9932401716097807e-06
-1.8784749491786841e-06
-1.7706926872567150e-06
-1.6694391065434371e-06
-1.5742919624034534e-06
-1.4848584153987698e-06
-1.4007729059210741e-06
-1.3216951466056476e-06
-1.2473081083552967e-06
-1.1773163176301260e-06
-1.1114443439035653e-06
-1.0494351720556469e-06
-9.9104901698844388e-07
-9.3606206245543759e-07
-8.8426517425608033e-07
-8.3546299134206842e-07
-7.8947294809580762e-07
-7.4612427845730358e-07
-7.0525723548549624e-07
-6.6672246115471794e-07
-6.3038002673594383e-07
-5.9609892230665537e-07
-5.6375651347157322e-07
-5.3323783452745298e-07
-5.0443509094328110e-07
-4.7724730783626392e-07
-4.5157977578746594e-07
-4.2734358685205267e-07
-4.0445536625494737e-07
-3.8283684767575114e-07
-3.6241450862384805e-07
-3.4311939703655307e-07
-3.2488665557318644e-07
-3.0765534508134173e-07
-2.9136824930507580e-07
-2.7597156288224882e-07
-2.6141463887460429e-07
-2.1591973987519587e-02
7.9714545133350682e-03
2.0315736746681465e-03
1.0143285465471852e-03
6.3199468364803465e-04
4.3844681999187735e-04
3.2446408881876691e-04
2.5074798096547650e-04
1.9989702789392427e-04
1.6312447656705988e-04
1.3555854952331737e-04
1.1430081817698852e-04
9.7529086576586416e-05
8.4045766645670828e-05
7.3034502396720558e-05
6.3921531881509119e-05
5.6292982666791196e-05
4.9843570886374371e-05
4.4343695249880954e-05
3.9617709213406410e-05
3.5529205128845935e-05
3.1970820170910964e-05
2.8857032692025216e-05
2.6118980316398207e-05
2.3700670572666761e-05
2.1556169998888652e-05
1.9647491399859196e-05
1.7942985397579742e-05
1.6416102883190974e-05
1.5044433567878516e-05
1.3808950716716152e-05
1.2693413208856581e-05
1.1683888888523889e-05
1.0768370580960171e-05
9.9364652619964976e-06
9.1791408598084040e-06
8.4885182065844962e-06
7.8576993702957113e-06
7.2806255242939891e-06
6.7519581524716336e-06
6.2669792666242009e-06
5.8215079897660669e-06
5.4118295945625324e-06
5.0346350961961392e-06
4.6869702482531831e-06
4.3661915742599306e-06
4.0699284355439719e-06
3.7960509510345192e-06
3.5426417608618184e-06
3.3079714689801719e-06
3.0904777257252252e-06
2.8887468257493378e-06
2.7014973015039178e-06
2.5275659871433410e-06
2.3658956320857383e-06
2.2155236520298152e-06
2.0755728083594047e-06
1.9452425415204531e-06
1.8238012409015521e-06
1.7105796425392892e-06
1.6049650183485236e-06
1.5063954122093408e-06
1.4143551355223658e-06
1.3283706478812486e-06
1.2480063313843911e-06
1.1728613076678425e-06
1.1025664249391116e-06
1.0367812351271036e-06
9.7519161264414893e-07
9.1750758901223137e-07
8.6346114410010802e-07
8.1280438485868769e-07
7.6530800322548274e-07
7.2075956486145359e-07
6.7896217735242044e-07
6.3973339785318877e-07
6.0290386444194984e-07
5.6831628781783787e-07
5.3582471877790426e-07
5.0529335806335298e-07
4.7659591396270204e-07
4.4961501419561870e-07
4.2424132739423602e-07
4.0037295049005571e-07
3.7791502037414268e-07
3.5677907593373612e-07
3.3688256502519115e-07
3.1814853484724354e-07
3.0050510927573424e-07
2.8388514370170395e-07
2.6822594631618027e-07
2.5346894033940835e-07
2.3955929420923232e-07
2.2644575798249224e-07
2.1408041489597421e-07
2.0241834142985884e-07
1.9141751435003235e-07
1.8103862383069730e-07
1.7124470737648329e-07
1.6200124008971063e-07
1.5327587828297929e-07
1.4503816366001161e-07
1.3725958963187402e-07
1.2991343990411591e-07
1.2297459690163493e-07
1.1641948700885798e-07
1.1022599820845284e-07
1.0437330337915900e-07
9.8841869707895458e-08
9.3613384698137151e-08
8.8670552689672334e-08
8.3997143318203832e-08
7.9577907733987566e-08
1.0046679702657341e-02
-3.2114537374037305e-03
-9.8828286279307011e-04
-4.9885310165352571e-04
-3.1059698721482438e-04
-2.1549276242385164e-04
-1.5951966276936126e-04
-1.2331424246638255e-04
-9.8331173716864330e-05
-8.0259144460900008e-05
-6.6707911835044154e-05
-5.6255165929477253e-05
-4.8006495273784293e-05
-4.1373912750667167e-05
-3.5956499650684433e-05
-3.1472406710603468e-05
-2.7718281007695481e-05
-2.4544091845604961e-05
-2.1836981029788630e-05
-1.9510596712662498e-05
-1.7497866865883795e-05
-1.5745993502896501e-05
-1.4212914414520082e-05
-1.2864756573584825e-05
-1.1673974657038672e-05
-1.0617970050508641e-05
-9.6780514746957737e-06
-8.8386448385472110e-06
-8.0866852381825822e-06
-7.4111433886526511e-06
-6.8026545557297491e-06
-6.2532248509777511e-06
-5.7559962839834736e-06
-5.3050581600632379e-06
-4.8952942067825982e-06
-4.5222578448982165e-06
-4.1820698377578394e-06
-3.8713341553654786e-06
-3.5870675655376968e-06
-3.3266413654419687e-06
-3.0877325825377540e-06
-2.8682824763556163e-06
-2.6664616806718861e-06
-2.4806408454605321e-06
-2.3093651171962193e-06
-2.1513325396225735e-06
-2.0053758270176039e-06
-1.8704459734504870e-06
-1.7455985381840830e-06
-1.6299818687016952e-06
-1.5228265654070965e-06
-1.4234361849503610e-06
-1.3311796619725966e-06
-1.2454840849481954e-06
-1.1658285982081252e-06
-1.0917391791657406e-06
-1.0227837067300926e-06
-9.5856776167548365e-07
-8.9873104138941166e-07
-8.4294392355709229e-07
-7.9090440054957509e-07
-7.4233579405451685e-07
-6.9698411657078992e-07
-6.5461593297769311e-07
-6.1501674170762667e-07
-5.7798911180946556e-07
-5.4335105359031353e-07
-5.1093491784194565e-07
-4.8058601536463920e-07
-4.5216139377364921e-07
-4.2552905477517383e-07
-4.0056692136207349e-07
-3.7716191699173570e-07
-3.5520940733929645e-07
-3.3461249639265579e-07
-3.1528119048780525e-07
-2.9713202413659227e-07
-2.8008764171234966e-07
-2.6407599321606645e-07
-2.4903022228207659e-07
-2.3488819107914007e-07
-2.2159196383160762e-07
-2.0908764555657758e-07
-1.9732513920677337e-07
-1.8625762685050064e-07
-1.7584151072052354e-07
-1.6603620662065423e-07
-1.5680371875113872e-07
-1.4810862922876276e-07
-1.3991791739279555e-07
-1.3220066152971825e-07
-1.2492793513779783e-07
-1.1807282841098044e-07
-1.1161003342570327e-07
-1.0551589740878845e-07
-9.9768366141378840e-08
-9.4346696534649102e-08
-8.9231484820646861e-08
-8.4404596075917641e-08
-7.9848981600108801e-08
-7.5548638402610106e-08
-7.1488626726518984e-08
-6.7654913638715657e-08
-6.4034282253653803e-08
-6.0614402530609885e-08
-5.7383637084635585e-08
-5.4331046865179933e-08
-5.1446433874285774e-08
-4.8720184390885252e-08
-4.6143200534092220e-08
-4.3706975878522983e-08
-4.1403576820096123e-08
-3.9225401818096020e-08
-5.4060751227987874e-03
1.3746667924500037e-03
5.2176142068232896e-04
2.7903655450539687e-04
1.7718052151140495e-04
1.2421802775980359e-04
9.2593961958705481e-05
7.1940784678083814e-05
5.7588023095690431e-05
4.7148506513182311e-05
3.9285958811024135e-05
3.3199199491088469e-05
2.8381305698254320e-05
2.4497313681331994e-05
2.1317832078559597e-05
1.8680989623533854e-05
1.6469612359600182e-05
1.4597000272075517e-05
1.2997765920470487e-05
1.1621762728695184e-05
1.0429959074550844e-05
9.3915713171109944e-06
8.4820324256857880e-06
7.6815272407933181e-06
6.9739184742936732e-06
6.3459486041231927e-06
5.7866389854829105e-06
5.2868312136281261e-06
4.8388336694021511e-06
4.4361468989816835e-06
4.0732471365401234e-06
3.7454146827824813e-06
3.4485973618823762e-06
3.1792999706562353e-06
2.9344945136672870e-06
2.7115477420559774e-06
2.5081609363097931e-06
2.3223200713654619e-06
2.1522551222372469e-06
1.9964056909168600e-06
1.8533916936773567e-06
1.7219895999521674e-06
1.6011118361488156e-06
1.4897889309227060e-06
1.3871550594920475e-06
1.2924351844444850e-06
1.2049337570481784e-06
1.1240257131874710e-06
1.0491482588837380e-06
9.7979338216405848e-07
9.1550202031712668e-07
8.5585873881990054e-07
8.0048671043383680e-07
7.4904382125936623e-07
7.0121906975812793e-07
6.5672915847368401e-07
6.1531577447766274e-07
5.7674328430798289e-07
5.4079613455125839e-07
5.0727712072238973e-07
4.7600573826445198e-07
4.4681633194831819e-07
4.1955677621474407e-07
3.9408747495307454e-07
3.7027995612302423e-07
3.4801588063322616e-07
3.2718634169210027e-07
3.0769086595383934e-07
2.8943670382988766e-07
2.7233822637130884e-07
2.5631628292487980e-07
2.4129763253432920e-07
2.2721454342705971e-07
2.1400426769176138e-07
2.0160858573714754e-07
1.8997356360007637e-07
1.7904916131088193e-07
1.6878884478823590e-07
1.5914944666794908e-07
1.5009086401216641e-07
1.4157565341258550e-07
1.3356911782977899e-07
1.2603895667414575e-07
1.1895495477302784e-07
1.1228905109214789e-07
1.0601510235546591e-07
1.0010859546936630e-07
9.4546791514683294e-08
8.9308435897753768e-08
8.4373562913841107e-08
7.9723675622711166e-08
7.5341406726059070e-08
7.1210467030078471e-08
6.7315729230202341e-08
6.3643015903010428e-08
6.0178928499714237e-08
5.6911064225190108e-08
5.3827796453944086e-08
5.0918117649228024e-08
4.8171803106662719e-08
4.5579299790182055e-08
4.3131557333051171e-08
4.0820103434980840e-08
3.8637047304561419e-08
3.6574904522857177e-08
3.4626711159896613e-08
3.2785911812673752e-08
3.1046295527542830e-08
2.9402093323368738e-08
2.7847881741040906e-08
2.6378485594857414e-08
2.4989119807784264e-08
2.3675308099923607e-08
3.0829548937150730e-03
-5.5628377406388599e-04
-2.6355425741434986e-04
-1.5395525209447317e-04
-1.0166541957257897e-04
-7.2864240332334436e-05
-5.5118555820820437e-05
-4.3287269780968684e-05
-3.4940206852894176e-05
-2.8797573356321895e-05
-2.4127517045041094e-05
-2.0483979776996856e-05
-1.7580977441303055e-05
-1.5227456779633405e-05
-1.3291358317272362e-05
-1.1678742838163816e-05
-1.0321131987024237e-05
-9.1675408915735558e-06
-8.1793034543713865e-06
-7.3266178758137937e-06
-6.5861821273864967e-06
-5.9395417498210360e-06
-5.3719135235038180e-06
-4.8713315045540622e-06
-4.4280189196762850e-06
-4.0339199645814733e-06
-3.6823445548237992e-06
-3.3676968833457713e-06
-3.0852662271530575e-06
-2.8310626531042730e-06
-2.6016875597010484e-06
-2.3942313749993197e-06
-2.2061911035398045e-06
-2.0354035638895086e-06
-1.8799918428081972e-06
-1.7383207781901271e-06
-1.6089605529104357e-06
-1.4906568413504235e-06
-1.3823055853596215e-06
-1.2829318732788290e-06
-1.1916726699080788e-06
-1.1077618223770542e-06
-1.0305172074606478e-06
-9.5933042782027413e-07
-8.9365734903095237e-07
-8.3301023059442714e-07
-7.7695122783667028e-07
-7.2508638144619228e-07
-6.7706030146412189e-07
-6.3255231605363923e-07
-5.9127226060550671e-07
-5.5295721808657287e-07
-5.1736860965804599e-07
-4.8428970044888477e-07
-4.5352312900146745e-07
-4.2488919271091012e-07
-3.9822385524936892e-07
-3.7337718578816625e-07
-3.5021225336877594e-07
-3.2860354444061707e-07
-3.0843596498532584e-07
-2.8960401850174199e-07
-2.7201081197201323e-07
-2.5556713446699588e-07
-2.4019100193267239e-07
-2.2580690717384701e-07
-2.1234517002894581e-07
-1.9974154410157492e-07
-1.8793675065751535e-07
-1.7687591138820298e-07
-1.6650838631433892e-07
-1.5678728778844989e-07
-1.4766911351017648e-07
-1.3911362744521387e-07
-1.3108357111085117e-07
-1.2354424350829578e-07
-1.1646352145157763e-07
-1.0981156678471662e-07
-1.0356059218082009e-07
-9.7684751996199196e-08
-9.2160147291732047e-08
-8.6964346073161222e-08
-8.2076489388778210e-08
-7.7477239651949606e-08
-7.3148472844772116e-08
-6.9073309571426566e-08
-6.5236042255711196e-08
-6.1621972959356278e-08
-5.8217306245241286e-08
-5.5009304663072509e-08
-5.1985960938664303e-08
-4.9136033060092334e-08
-4.6449071967065107e-08
-4.3915268667615361e-08
-4.1525419971316352e-08
-3.9270957727905636e-08
-3.7143828374002438e-08
-3.5136443890325599e-08
-3.3241795705012427e-08
-3.1453248610475197e-08
-2.9764527041949314e-08
-2.8169854164699614e-08
-2.6663742905402911e-08
-2.5241040081818006e-08
-2.3896940046221492e-08
-2.2626930447325315e-08
-2.1426714344482942e-08
-2.0292320564648835e-08
-1.9220000273204087e-08
-1.8206183722608393e-08
-1.7247602370875585e-08
-1.6341086552462987e-08
-1.5483705412320346e-08
-1.8098298807767057e-03
1.9004181471382121e-04
1.1934807113997219e-04
7.8540351946452386e-05
5.4985403975698125e-05
4.0774051427022884e-05
3.1554924226892097e-05
2.5197665027412302e-05
2.0602049758843486e-05
1.7156310352826164e-05
1.4497152270363108e-05
1.2396781954113214e-05
1.0705844132884355e-05
9.3227150021790150e-06
8.1760606199363059e-06
7.2144656997169968e-06
6.4000181261809513e-06
5.7042044872710101e-06
5.1052058782175826e-06
4.5860688047485001e-06
4.1334402894156467e-06
3.7366749252349861e-06
3.3871925349301254e-06
3.0780091618018811e-06
2.8033891970401957e-06
2.5585833742201646e-06
2.3396299646812786e-06
2.1432016280405018e-06
1.9664859361374421e-06
1.8070919501405552e-06
1.6629762794836097e-06
1.5323834993908342e-06
1.4137988191530785e-06
1.3059095192500274e-06
1.2075730034692356e-06
1.1177913599569033e-06
1.0356899888079362e-06
9.6049938000775885e-07
8.9154077497267965e-07
8.2821377665975520e-07
7.6998540552715332e-07
7.1638158659359132e-07
6.6697965814532495e-07
6.2140168442716270e-07
5.7930908187119998e-07
5.4039808259928192e-07
5.0439521891544357e-07
4.7105399335207576e-07
4.4015212869564764e-07
4.1148839205187704e-07
3.8488045299085251e-07
3.6016309514781219e-07
3.3718596414595827e-07
3.1581234209756469e-07
2.9591773816371926e-07
2.7738841361506639e-07
2.6012053622704799e-07
2.4401925607960192e-07
2.2899753652109319e-07
2.1497562809400706e-07
2.0188054009989685e-07
1.8964505593777873e-07
1.7820734617839317e-07
1.6751062793352398e-07
1.5750258852105792e-07
1.4813488800684354e-07
1.3936304082980384e-07
1.3114595838974628e-07
1.2344557613635373e-07
1.1622678770489457e-07
1.0945710412024703e-07
1.0310631317995859e-07
9.7146582423154998e-08
9.1552037925030494e-08
8.6298580577778652e-08
8.1363966374006957e-08
7.6727498857146947e-08
7.2369842103724294e-08
6.8273151879048103e-08
6.4420775680562660e-08
6.0797114580187898e-08
5.7387727691462403e-08
5.4179223194753084e-08
5.1158959326254207e-08
4.8315239418176844e-08
4.5637175684603606e-08
4.3114476384941367e-08
4.0737651000037708e-08
3.8497814475102526e-08
3.6386578904025140e-08
3.4396172288486353e-08
3.2519371283692110e-08
3.0749249843436051e-08
2.9079485109821856e-08
2.7504139059226192e-08
2.6017522247105883e-08
2.4614431251892534e-08
2.3289991567974170e-08
2.2039498285957710e-08
2.0858655826878613e-08
1.9743468942023577e-08
1.8690057023496951e-08
1.7694867987630614e-08
1.6754555418840740e-08
1.5865928615560278e-08
1.5026037949538079e-08
1.4232139818824208e-08
1.3481558871917014e-08
1.2771852454005892e-08
1.2100734102683993e-08
1.1465980385136493e-08
1.0865554810842781e-08
1.0297578734249533e-08
1.0818460824819137e-03
-3.4879717930579748e-05
-4.3136921202822359e-05
-3.4506912720507996e-05
-2.6462606778128893e-05
-2.0682827445905694e-05
-1.6571625251848588e-05
-1.3568166463397933e-05
-1.1307680763970019e-05
-9.5608750251374071e-06
-8.1805288776154418e-06
-7.0690956484909057e-06
-6.1598945264093015e-06
-5.4060338132475684e-06
-4.7737000717025212e-06
-4.2379652519349975e-06
-3.7800906373609981e-06
-3.3857457558442171e-06
-3.0438021201970009e-06
-2.7454995525790735e-06
-2.4838573296930590e-06
-2.2532508280723180e-06
-2.0491032415110503e-06
-1.8676564564181615e-06
-1.7057987197694557e-06
-1.5609344682444607e-06
-1.4308836903248516e-06
-1.3138032064814264e-06
-1.2081259741007913e-06
-1.1125124063864256e-06
-1.0258112508975330e-06
-9.4702888590321819e-07
-8.7530383805544154e-07
-8.0988596461367461e-07
-7.5011989927057176e-07
-6.9543094186261163e-07
-6.4531317865110442e-07
-5.9932031171642366e-07
-5.5705718980555052e-07
-5.1817289708195807e-07
-4.8235521357744892e-07
-4.4932555356270794e-07
-4.1883464404789655e-07
-3.9065919672268610e-07
-3.6459863796280795e-07
-3.4047222615743691e-07
-3.1811721668981988e-07
-2.9738659386270954e-07
-2.7814717762362564e-07
-2.6027826764847510e-07
-2.4367047567630640e-07
-2.2822409297850491e-07
-2.1384850511829138e-07
-2.0046113273727427e-07
-1.8798643010633874e-07
-1.7635547332262486e-07
-1.6550520899543851e-07
-1.5537772847069245e-07
-1.4592004421123951e-07
-1.3708358495846700e-07
-1.2882349945154524e-07
-1.2109861677285875e-07
-1.1387116384311704e-07
-1.0710615294585358e-07
-1.0077134593923239e-07
-9.4837108388358874e-08
-8.9275893252023861e-08
-8.4062298683688014e-08
-7.9172910762175898e-08
-7.4585874048181467e-08
-7.0281051825793032e-08
-6.6239848652719110e-08
-6.2444821542814976e-08
-5.8879870753549494e-08
-5.5530111485479793e-08
-5.2381605064317252e-08
-4.9421387511478374e-08
-4.6637526618521270e-08
-4.4018741915861976e-08
-4.1554602740918118e-08
-3.9235452023790593e-08
-3.7052209455949071e-08
-3.4996385999837702e-08
-3.3060135467298362e-08
-3.1236079043300607e-08
-2.9517299332228217e-08
-2.7897436922945762e-08
-2.6370453081953223e-08
-2.4930693080725080e-08
-2.3572973469249377e-08
-2.2292328255728307e-08
-2.1084142241492846e-08
-1.9944154113982751e-08
-1.8868296707450810e-08
-1.7852740423803285e-08
-1.6894005272018977e-08
-1.5988742536810259e-08
-1.5133787685532259e-08
-1.4326269102501861e-08
-1.3563431225735861e-08
-1.2842656274080629e-08
-1.2161540222008198e-08
-1.1517830229525512e-08
-1.0909321826178611e-08
-1.0334087650757860e-08
-9.7901863304879469e-09
-9.2758207653364180e-09
-8.7893764533531654e-09
-8.3292723815611206e-09
-7.8939757529941200e-09
-7.4821470374360217e-09
-7.0924869539968007e-09
-6.7236748314118232e-09
-6.5554399117440012e-04
-2.3285003852710880e-05
6.2934513727004956e-06
1.0533994760031865e-05
9.9587785544735340e-06
8.6409048425824547e-06
7.3811997494748225e-06
6.3153079794536570e-06
5.4370888377420018e-06
4.7146706064279569e-06
4.1167465658479657e-06
3.6176552215277636e-06
3.1973682576955111e-06
2.8404394303159488e-06
2.5349366089206883e-06
2.2715774020359307e-06
2.0430741013711486e-06
1.8436484229102370e-06
1.6686744526282578e-06
1.5144137239916458e-06
1.3778177737023446e-06
1.2563807514883813e-06
1.1480263584696905e-06
1.0510216014547833e-06
9.6391098870696021e-07
8.8546401679938581e-07
8.1463418231184927e-07
7.5052724664291399e-07
6.9237485247061825e-07
6.3951361526725650e-07
5.9136874916869603e-07
5.4743976905144719e-07
5.0728925741150225e-07
4.7053384352184496e-07
4.3683610239901820e-07
4.0589806310814198e-07
3.7745620926605575e-07
3.5127649063708152e-07
3.2715035670878503e-07
3.0489198501511803e-07
2.8433508075120939e-07
2.6533042348548282e-07
2.4774414231596363e-07
2.3145561358361687e-07
2.1635596678222017e-07
2.0234704703620469e-07
1.8933990919304878e-07
1.7725378491507917e-07
1.6601545544507243e-07
1.5555835255601964e-07
1.4582176026581749e-07
1.3675036694071321e-07
1.2829368832543432e-07
1.2040545739025528e-07
1.1304345039952544e-07
1.0616890093806246e-07
9.9746194611151570e-08
9.3742740412771878e-08
8.8128536774968356e-08
8.2875835474392731e-08
7.7959294460837378e-08
7.3355466341418408e-08
6.9042598338143509e-08
6.5000768707923939e-08
6.1211515901320010e-08
5.7657668585660291e-08
5.4323464885666727e-08
5.1194256252829955e-08
4.8256402941043646e-08
4.5497369746064835e-08
4.2905447912069228e-08
4.0469713743696882e-08
3.8180139220840928e-08
3.6027346965548116e-08
3.4002527948703690e-08
3.2097636953255925e-08
3.0305078920990839e-08
2.8617739147986504e-08
2.7029107383522785e-08
2.5533094948996528e-08
2.4123881421362571e-08
2.2796154761818032e-08
2.1544949320983571e-08
2.0365554647836403e-08
1.9253641876528639e-08
1.8205164251928221e-08
1.7216245350164607e-08
1.6283341638584853e-08
1.5403146581079692e-08
1.4572497129903108e-08
1.3788444831807624e-08
1.3048288377152603e-08
1.2349406453216695e-08
1.1689395830385304e-08
1.1066033866570919e-08
1.0477139862072669e-08
9.9207174008307069e-09
9.3949551198818647e-09
8.8980459359781639e-09
8.4283007650596272e-09
7.9842366171048608e-09
7.5643653268462673e-09
7.1672940258418560e-09
6.7917778467267702e-09
6.4365699953211879e-09
6.1005089225367510e-09
5.7825792949771173e-09
5.4817151247185713e-09
5.1969747156888563e-09
4.9274805272256574e-09
4.6723710064579690e-09
4.4308407464005209e-09
4.2021722891649966e-09
4.0181880633931983e-04
3.9063376375878138e-05
9.1153134556587850e-06
1.2152718997248949e-06
-1.1891701640503010e-06
-1.9291732335146872e-06
-2.0944492183768465e-06
-2.0473043476002106e-06
-1.9221471422325134e-06
-1.7728554368745583e-06
-1.6219101238158487e-06
-1.4786076376119963e-06
-1.3464270502453946e-06
-1.2262178029595301e-06
-1.1176515702671595e-06
-1.0199044762563413e-06
-9.3198188328549951e-07
-8.5287411489866282e-07
-7.8162658048556188e-07
-7.1736768499966340e-07
-6.5931740753637718e-07
-6.0678464499512464e-07
-5.5916013902865842e-07
-5.1590894288850298e-07
-4.7656128871246036e-07
-4.4070442655844949e-07
-4.0797568803497257e-07
-3.7805571321375517e-07
-3.5066270054341716e-07
-3.2554767879252325e-07
-3.0249005139190380e-07
-2.8129397811030654e-07
-2.6178536337213734e-07
-2.4380887315154356e-07
-2.2722579476883825e-07
-2.1191203582415402e-07
-1.9775614668632432e-07
-1.8465800358220354e-07
-1.7252758082355998e-07
-1.6128350670252662e-07
-1.5085237394579530e-07
-1.4116775222958181e-07
-1.3216927309038099e-07
-1.2380230636947025e-07
-1.1601720748735202e-07
-1.0876858904471707e-07
-1.0201512467915999e-07
-9.5719267726284616e-08
-8.9846467750813150e-08
-8.4365197432555534e-08
-7.9246653345164503e-08
-7.4464281815900593e-08
-6.9993741596766222e-08
-6.5812768847149269e-08
-6.1900712395575987e-08
-5.8238613352858999e-08
-5.4809132023051354e-08
-5.1596058847989862e-08
-4.8584480166264952e-08
-4.5760804020040719e-08
-4.3112248899510029e-08
-4.0626971987483554e-08
-3.8294198768605587e-08
-3.6103780725445814e-08
-3.4046326012909805e-08
-3.2113190344988643e-08
-3.0296296590665221e-08
-2.8588117116041051e-08
-2.6981723197817197e-08
-2.5470586839077949e-08
-2.4048624984579595e-08
-2.2710316434972757e-08
-2.1450395399824000e-08
-2.0263894092880129e-08
-1.9146344371318653e-08
-1.8093476852714399e-08
-1.7101258098323758e-08
-1.6166070185798123e-08
-1.5284414502101970e-08
-1.4452991126586420e-08
-1.3668828455626083e-08
-1.2929117616937096e-08
-1.2231145982038811e-08
-1.1572456035068808e-08
-1.0950722090532947e-08
-1.0363745397229945e-08
-9.8095188239258670e-09
-9.2861031931459858e-09
-8.7916861497143318e-09
-8.3246168414868122e-09
-7.8833027719368165e-09
-7.4662115101249240e-09
-7.0720157108788491e-09
-6.6993994408426955e-09
-6.3470595441865189e-09
-6.0139200697537400e-09
-5.6988857286510477e-09
-5.4008509668807300e-09
-5.1189341887985269e-09
-4.8522466633213776e-09
-4.5998730980385835e-09
-4.3610433375963505e-09
-4.1349929936749342e-09
-3.9210154528863557e-09
-3.7184508126397891e-09
-3.5266669789063845e-09
-3.3450513024307457e-09
-3.1730661308735764e-09
-3.0101812423712962e-09
-2.8558546663001218e-09
-2.7096906298305323e-09
-2.5712330675744486e-09
-2.4400051284108067e-09
-2.4884261757492939e-04
-3.7977762449403559e-05
-1.3728844046327488e-05
-6.0094031831737322e-06
-2.8781104668835372e-06
-1.4144473091389671e-06
-6.6328847026043189e-07
-2.5244591476732478e-07
-1.8556998230297235e-08
1.1719229239435586e-07
1.9580967025852194e-07
2.3995368473952451e-07
2.6275729876342063e-07
2.7212936763845841e-07
2.7298179220754508e-07
2.6844025535992390e-07
2.6053242729049088e-07
2.5059298448847580e-07
2.3950911976764165e-07
2.2787391126268412e-07
2.1608376527300326e-07
2.0440216833765378e-07
1.9300196725742928e-07
1.8199329794927273e-07
1.7144300817377541e-07
1.6138822221856325e-07
1.5184513603483869e-07
1.4281575850524528e-07
1.3429248899397349e-07
1.2626112035947309e-07
1.1870335488023104e-07
1.1159853454455993e-07
1.0492434580399059e-07
9.8658127127465720e-08
9.2777281078245937e-08
8.7259340838973683e-08
8.2082674224861668e-08
7.7226658825512577e-08
7.2671339314174832e-08
6.8397860077133953e-08
6.4388542537982774e-08
6.0626440086999122e-08
5.7095839508106123e-08
5.3782019124861770e-08
5.0670934843827996e-08
4.7749574595897178e-08
4.5005932813957420e-08
4.2428534999006923e-08
4.0006733853927736e-08
3.7730691029580084e-08
3.5591087787270447e-08
3.3579266608516038e-08
3.1687215713260329e-08
2.9907331356011588e-08
2.8232597212254488e-08
2.6656495182873625e-08
2.5172752217725627e-08
2.3775732039902681e-08
2.2460119679906073e-08
2.1220807223467405e-08
2.0053124323938249e-08
1.8952788651356511e-08
1.7915601050172893e-08
1.6937765695168463e-08
1.6015771352776609e-08
1.5146170403071424e-08
1.4325853833141481e-08
1.3551899692389861e-08
1.2821514161820200e-08
1.2132152236540644e-08
1.1481401617691009e-08
1.0866956264068786e-08
1.0286699987529629e-08
9.7386818832543686e-09
9.2209639017872416e-09
8.7318365537728734e-09
8.2696494403978580e-09
7.8327928441991617e-09
7.4198444210427357e-09
7.0294934881824128e-09
6.6603930900754061e-09
6.3113399693037181e-09
5.9812194358587374e-09
5.6689426547993177e-09
5.3735082896185511e-09
5.0939833208031321e-09
4.8294814446926721e-09
4.5791117693358349e-09
4.3421605745997666e-09
4.1178504806395966e-09
3.9054691319265518e-09
3.7043724716266256e-09
3.5139495571693366e-09
3.3335821887079149e-09
3.1627527341949282e-09
3.0009214169974354e-09
2.8475810989836367e-09
2.7023152766950750e-09
2.5646853185773465e-09
2.4342133714223937e-09
2.3105550141202770e-09
2.1933637591776503e-09
2.0822488698196577e-09
1.9769187761816815e-09
1.8770543449509764e-09
1.7823366295550436e-09
1.6925302366855177e-09
1.6073713168832301e-09
1.5265785395883530e-09
1.4499517655159963e-09
1.3772721075722295e-09
1.3082812490561974e-09
1.2428284656478229e-09
1.5556400624889270e-04
3.1426060079221471e-05
1.3459757000170635e-05
7.1719574314838857e-06
4.2884571328528271e-06
2.7618572921500615e-06
1.8739400221546391e-06
1.3205399394714488e-06
9.5705445726330779e-07
7.0841939835255473e-07
5.3281774598849433e-07
4.0557751025243845e-07
3.1144022764806334e-07
2.4059263766238490e-07
1.8651315458989029e-07
1.4474475373552013e-07
1.1216777008351713e-07
8.6553084233003525e-08
6.6278197838730906e-08
5.0143866742578577e-08
3.7251057904413105e-08
2.6916816977819152e-08
1.8617150776610289e-08
1.1945804239196278e-08
6.5846225331113785e-09
2.2829310652921352e-09
-1.1584334243766863e-09
-3.8989436491406562e-09
-6.0665907436772093e-09
-7.7650876588388262e-09
-9.0787644886924005e-09
-1.0076266733594598e-08
-1.0814042255681906e-08
-1.1338490418298320e-08
-1.1687650149248796e-08
-1.1893206975562606e-08
-1.1981472268550031e-08
-1.1974081965463945e-08
-1.1889199683420495e-08
-1.1741951915788879e-08
-1.1544868752154520e-08
-1.1308492347328443e-08
-1.1041603311076304e-08
-1.0751366767653591e-08
-1.0444004119446438e-08
-1.0124594399979939e-08
-9.7972591511582537e-09
-9.4655382427187057e-09
-9.1323300829913531e-09
-8.7999311543351558e-09
-8.4703403800000881e-09
-8.1451595062001015e-09
-7.8255597397414429e-09
-7.5126376697852258e-09
-7.2071686861882250e-09
-6.9096490384627091e-09
-6.6206519066665944e-09
-6.3404742150936447e-09
-6.0692381837100612e-09
-5.8071448305854649e-09
-5.5542421165870284e-09
-5.3104533012462136e-09
-5.0757423860979816e-09
-4.8500078134774907e-09
-4.6330274698228851e-09
-4.4246830084920336e-09
-4.2247750525303894e-09
-4.0330398053587141e-09
-3.8493179085188244e-09
-3.6733511414630389e-09
-3.5048334774540952e-09
-3.3435943056407379e-09
-3.1893609872898634e-09
-3.0418577087133892e-09
-2.9008579613917486e-09
-2.7661386775640371e-09
-2.6373819935312673e-09
-2.5144157014026489e-09
-2.3970602357656925e-09
-2.2849691475990855e-09
-2.1779978685129414e-09
-2.0759133043047384e-09
-1.9784855747486646e-09
-1.8855628970669589e-09
-1.7969410656007774e-09
-1.7123803308985537e-09
-1.6317501756993236e-09
-1.5548852879370894e-09
-1.4815847633564523e-09
-1.4117107683562343e-09
-1.3451163656819102e-09
-1.2816081632334922e-09
-1.2210872341924916e-09
-1.1634222115979209e-09
-1.1084513641458521e-09
-1.0560561496962256e-09
-1.0061786209147116e-09
-9.5861517232468351e-10
-9.1327571740912550e-10
-8.7010929773631974e-10
-8.2897747431712910e-10
-7.8977151033638681e-10
-7.5244097243923250e-10
-7.1687524966796541e-10
-6.8297914457565952e-10
-6.5070297590999520e-10
-6.1995347965196077e-10
-5.9064271710756204e-10
-5.6275344969299710e-10
-5.3615250374908634e-10
-5.1080510566037181e-10
-4.8670635901761940e-10
-4.6373050011359678e-10
-9.8100060947290291e-05
-2.4131585480282636e-05
-1.1368326140260737e-05
-6.6568137858435574e-06
-4.3369075583142107e-06
-3.0208829375222657e-06
-2.2060258564982353e-06
-1.6685934606745726e-06
-1.2966568422178236e-06
-1.0293566410411865e-06
-8.3136322770187501e-07
-6.8104710551507015e-07
-5.6457099077105205e-07
-4.7275183734779251e-07
-3.9930252112769707e-07
-3.3980262843494794e-07
-2.9107224689125846e-07
-2.5077697215702355e-07
-2.1717309458800289e-07
-1.8893774754168956e-07
-1.6505276150491668e-07
-1.4472531135777386e-07
-1.2733080060737327e-07
-1.1237188073120744e-07
-9.9449472680647775e-08
-8.8240159311374720e-08
-7.8479865239392844e-08
-6.9951842086497045e-08
-6.2476511381429376e-08
-5.5904381747283338e-08
-5.0110518188127569e-08
-4.4989619795436341e-08
-4.0452690033578158e-08
-3.6424380629795490e-08
-3.2840151811945759e-08
-2.9644824876649079e-08
-2.6791093447124991e-08
-2.4238063990278698e-08
-2.1950372936948450e-08
-1.9897401514895078e-08
-1.8052330613646278e-08
-1.6391978355794593e-08
-1.4896021900451819e-08
-1.3546442686372825e-08
-1.2327587778862351e-08
-1.1225681050227487e-08
-1.0228415541688780e-08
-9.3250221829617565e-09
-8.5059663231491733e-09
-7.7626524361344253e-09
-7.0875956859808624e-09
-6.4740204103095305e-09
-5.9158997769272503e-09
-5.4079348372779236e-09
-4.9452845103730272e-09
-4.5236073989338687e-09
-4.1390854518474051e-09
-3.7882866236458736e-09
-3.4679856662056949e-09
-3.1754446388962784e-09
-2.9081425567660151e-09
-2.6637392030504526e-09
-2.4402190656551104e-09
-2.2357653250906067e-09
-2.0485920343287954e-09
-1.8772124503205647e-09
-1.7202630683351934e-09
-1.5764201529949591e-09
-1.4446204135130814e-09
-1.3238342458426536e-09
-1.2130375005073217e-09
-1.1114303578117405e-09
-1.0182532112388083e-09
-9.3274574625038325e-10
-8.5427851651950036e-10
-7.8229107743146487e-10
-7.1616434275675934e-10
-6.5547081429129194e-10
-5.9978188806730254e-10
-5.4865414736023158e-10
-5.0166824265775695e-10
-4.5856713989015380e-10
-4.1895660712194372e-10
-3.8259483394757868e-10
-3.4923275854307017e-10
-3.1857013186985090e-10
-2.9042763886106952e-10
-2.6459692440997367e-10
-2.4088169653463666e-10
-2.1912262512070961e-10
-1.9916306599448685e-10
-1.8082609459794820e-10
-1.6401396729703498e-10
-1.4860481039152217e-10
-1.3446180007930193e-10
-1.2150402862270624e-10
-1.0964260031516455e-10
-9.8782065795430051e-11
-8.8813302037434402e-11
-7.9696477890692001e-11
-7.1362012731534543e-11
-6.3728661432349230e-11
-5.6772315438810914e-11
-5.0402404021951790e-11
-4.4578015929356250e-11
-3.9297934682889003e-11
-3.4465900999311647e-11
-3.0067141352128205e-11
-2.6071101523952100e-11
-2.2423066044798303e-11
-1.9094274591861125e-11
-1.6115140756632036e-11
-1.3409005260644065e-11
6.2362690938731641e-05
1.7789898814328665e-05
8.9068510855949429e-06
5.5277062027150583e-06
3.7880913943379536e-06
2.7553684045517006e-06
2.0890100339618564e-06
1.6333026319596468e-06
1.3076829263667882e-06
1.0668798881515014e-06
8.8381600859173844e-07
7.4146466870265021e-07
6.2866951199623680e-07
5.3786370528025643e-07
4.6376245060561020e-07
4.0258138506538675e-07
3.5155004347198491e-07
3.0860185516912924e-07
2.7216937225769959e-07
2.4104515820144616e-07
2.1428744974335459e-07
1.9115261352081196e-07
1.7104677836500645e-07
1.5349158420078316e-07
1.3809799907675984e-07
1.2454696201935317e-07
1.1257513113359674e-07
1.0196343109172459e-07
9.2528526386127469e-08
8.4116142701730939e-08
7.6595586470516254e-08
6.9855908437364401e-08
6.3802238983781699e-08
5.8352951334647022e-08
5.3437922987461984e-08
4.8996455579232814e-08
4.4975705960709620e-08
4.1329812428495346e-08
3.8018594560258879e-08
3.5006766668567011e-08
3.2263509123503805e-08
2.9761546668033511e-08
2.7476593615741811e-08
2.5387445755853233e-08
2.3475162671906922e-08
2.1722739837469616e-08
2.0115229783444439e-08
1.8639189842963238e-08
1.7282496227756437e-08
1.6034453992685982e-08
1.4885338454625961e-08
1.3826400871012924e-08
1.2849844317593994e-08
1.1948556235879665e-08
1.1116056001168401e-08
1.0346620748050126e-08
9.6350331801402940e-09
8.9763756469464117e-09
8.3664255138901114e-09
7.8012653050969215e-09
7.2772125609444833e-09
6.7910722026928055e-09
6.3398638343327952e-09
5.9207979760087751e-09
5.5314082205227640e-09
5.1694494491162940e-09
4.8327769280397297e-09
4.5195399063826107e-09
4.2279578469794719e-09
3.9563677550861017e-09
3.7033618776546080e-09
3.4675619270797088e-09
3.2476542869475389e-09
3.0425561995518682e-09
2.8511680635836056e-09
2.6724953196921369e-09
2.5056789216317049e-09
2.3498739397534456e-09
2.2042631789768042e-09
2.0681571680869554e-09
1.9409164670506414e-09
1.8218816808164864e-09
1.7105354628632268e-09
1.6063612714620619e-09
1.5088039611541517e-09
1.4174875902780556e-09
1.3319588187645517e-09
1.2518038050201051e-09
1.1767166740442178e-09
1.1063523987764811e-09
1.0403494192384600e-09
9.7846774429414592e-10
9.2045060479413580e-10
8.6598515418998282e-10
8.1488932085043652e-10
7.6696221662437267e-10
7.2193245706047949e-10
6.7963716225968280e-10
6.3995615065716785e-10
6.0266356133945605e-10
5.6762190205403002e-10
5.3470638365944239e-10
5.0376434668355692e-10
4.7467831059262898e-10
4.4734732351518659e-10
4.2162435491004266e-10
3.9742950436093268e-10
3.7468543179227590e-10
3.5326304978868505e-10
3.3311698887760774e-10
3.1419129550579055e-10
2.9634466560196459e-10
2.7953982208988606e-10
-3.9941281899341587e-05
-1.2804784366428827e-05
-6.6794302413960208e-06
-4.3114198680144228e-06
-3.0584692945697023e-06
-2.2911879852987652e-06
-1.7812081358926702e-06
-1.4230731991724060e-06
-1.1611272377788078e-06
-9.6337443664503716e-07
-8.1024537692110264e-07
-6.8917850421302313e-07
-5.9178743907940506e-07
-5.1228586782806992e-07
-4.4656980806064825e-07
-3.9165754718475562e-07
-3.4533744551304033e-07
-3.0593961819513404e-07
-2.7218238878708639e-07
-2.4306809537106617e-07
-2.1781046803665733e-07
-1.9578245570023174e-07
-1.7647899226119142e-07
-1.5948932241714275e-07
-1.4447668026356426e-07
-1.3116279899052205e-07
-1.1931581740178691e-07
-1.0874166165911638e-07
-9.9276787066207554e-08
-9.0782222891850992e-08
-8.3139909414768585e-08
-7.6248754014022225e-08
-7.0021442621270229e-08
-6.4382856770593142e-08
-5.9267918115346160e-08
-5.4619679414989772e-08
-5.0388658376352672e-08
-4.6531433171860210e-08
-4.3009715819996772e-08
-3.9789990815796507e-08
-3.6842458096083639e-08
-3.4140648099745298e-08
-3.1661266941059143e-08
-2.9383465251855915e-08
-2.7288509231406429e-08
-2.5359861626302973e-08
-2.3582581907298990e-08
-2.1943221300615154e-08
-2.0429797216409913e-08
-1.9031468112045512e-08
-1.7738382429181376e-08
-1.6541780226775700e-08
-1.5433569948747982e-08
-1.4406475500485338e-08
-1.3454010777056934e-08
-1.2570088917556377e-08
-1.1749248634269462e-08
-1.0986602636338258e-08
-1.0277587791483508e-08
-9.6179986628404463e-09
-9.0041647510333483e-09
-8.4325462372644579e-09
-7.8999297522086148e-09
-7.4035008968594155e-09
-6.9405390486166912e-09
-6.5085792779614853e-09
-6.1054384808332308e-09
-5.7289625290678869e-09
-5.3772232507209656e-09
-5.0485598536888878e-09
-4.7412735307083775e-09
-4.4538351980860580e-09
-4.1849589567766177e-09
-3.9332725023784838e-09
-3.6976186364178377e-09
-3.4769744950007495e-09
-3.2702408272448473e-09
-3.0764262325425351e-09
-2.8948073317146740e-09
-2.7244767228178916e-09
-2.5646890471670535e-09
-2.4147982312397627e-09
-2.2741171170683970e-09
-2.1420171662561702e-09
-2.0180013887975458e-09
-1.9015270602849983e-09
-1.7920657131037522e-09
-1.6892361429633493e-09
-1.5925674008086760e-09
-1.5016766251364979e-09
-1.4162381138303456e-09
-1.3358663067387645e-09
-1.2602322160547690e-09
-1.1890962932654609e-09
-1.1221246562356360e-09
-1.0590661310180658e-09
-9.9973024828629260e-10
-9.4385451819971758e-10
-8.9120776830220069e-10
-8.4161450623651390e-10
-7.9489808405189237e-10
-7.5085691430944082e-10
-7.0936612623167349e-10
-6.7025230580528170e-10
-6.3334937382824593e-10
-5.9856248646283454e-10
-5.6576556388370890e-10
-5.3480620849493682e-10
-5.0562898805466816e-10
-4.7809814032636599e-10
-4.5207946944123419e-10
-4.2753810006105743e-10
-4.0438411136286325e-10
2.5759221702138935e-05
9.0847950772267207e-06
4.8745959537232119e-06
3.2335219215508525e-06
2.3516498103310930e-06
1.8003872754483304e-06
1.4260446771872944e-06
1.1578216483938575e-06
9.5804947911660424e-07
8.0477429515988545e-07
6.8435773241679003e-07
5.8790891869353445e-07
5.0940336989284810e-07
4.4462753385072652e-07
3.9055434162341761e-07
3.4495838204123631e-07
3.0617146305451198e-07
2.7292054720939227e-07
2.4421961816823164e-07
2.1929437670817909e-07
1.9752908245463104e-07
1.7842923411515751e-07
1.6159328102657396e-07
1.4669237558193952e-07
1.3345527759182851e-07
1.2165603937902371e-07
1.1110554772053150e-07
1.0164451985208473e-07
9.3137700892003614e-08
8.5470003754809848e-08
7.8542839694906388e-08
7.2271165813563237e-08
6.6581657749587610e-08
6.1410651290341094e-08
5.6702617023734712e-08
5.2409102426802891e-08
4.8487455079992348e-08
4.4900289765018176e-08
4.1614639182875697e-08
3.8601143049334466e-08
3.5833838832874451e-08
3.3289770495434397e-08
3.0948267585674422e-08
2.8790883664463130e-08
2.6801275268480071e-08
2.4964541010488317e-08
2.3267393365857719e-08
2.1697966926298217e-08
2.0245370105686712e-08
1.8899853400642852e-08
1.7652637433810160e-08
1.6495589655153388e-08
1.5421521304775749e-08
1.4423866638057868e-08
1.3496463672876858e-08
1.2633919183614038e-08
1.1831267044026089e-08
1.1083831828287004e-08
1.0387464060876598e-08
9.7384067938870392e-09
9.1330176756649060e-09
8.5681228805881147e-09
8.0408310683475614e-09
7.5483408583451186e-09
7.0881745770090531e-09
6.6580574757448378e-09
6.2558015599252239e-09
5.8794758712633125e-09
5.5273347615939641e-09
5.1976009877566018e-09
4.8887771736929021e-09
4.5994776991297742e-09
4.3283102761935389e-09
4.0740941796199440e-09
3.8357254244374048e-09
3.6120449900202249e-09
3.4021482855835999e-09
3.2051513816925991e-09
3.0201755138921018e-09
2.8464310136230889e-09
2.6832300175574830e-09
2.5298509349387597e-09
2.3856632653159716e-09
2.2501377645810257e-09
2.1226685286451327e-09
2.0027388716482192e-09
1.8899529806910917e-09
1.7837903270710051e-09
1.6838554207751539e-09
1.5898012570726978e-09
1.5011983900574733e-09
1.4177395595099710e-09
1.3391521589318453e-09
1.2650773564790279e-09
1.1952608630410118e-09
1.1295028770482373e-09
1.0674773977167285e-09
1.0089721795398050e-09
9.5382015967947455e-10
9.0179077374532302e-10
8.5270586426021994e-10
8.0640390840585998e-10
7.6268175306878986e-10
7.2142415252175983e-10
6.8249557524851991e-10
6.4572542816530835e-10
6.1099849913999438e-10
5.7822514949647291e-10
5.4724971861945039e-10
5.1797411456004522e-10
4.9034088054935730e-10
4.6423945720501158e-10
4.3952208967840629e-10
-1.6720719484651520e-05
-6.3904733681593557e-06
-3.4966213741023266e-06
-2.3636063185609890e-06
-1.7503099691980423e-06
-1.3621566235397497e-06
-1.0946451338537840e-06
-9.0007579422061686e-07
-7.5310023880800850e-07
-6.3886472276244471e-07
-5.4805882639349829e-07
-4.7454827138843470e-07
-4.1413152626129007e-07
-3.6383849937158289e-07
-3.2151310694797594e-07
-2.8555559830226158e-07
-2.5475526919529078e-07
-2.2818060902306477e-07
-2.0510433297724663e-07
-1.8495061404114015e-07
-1.6725877435178523e-07
-1.5165600363650214e-07
-1.3783764154185864e-07
-1.2555297863556271e-07
-1.1459356567767838e-07
-1.0478515771682186e-07
-9.5981107432186156e-08
-8.8056996974605735e-08
-8.0907084155242966e-08
-7.4440762399160407e-08
-6.8579878216438706e-08
-6.3257125580752191e-08
-5.8414021087157281e-08
-5.3999503461963528e-08
-4.9969079756412788e-08
-4.6283557939700986e-08
-4.2908484888116796e-08
-3.9813596126682504e-08
-3.6971801626036421e-08
-3.4359208123812755e-08
-3.1954692914912518e-08
-2.9739113744920299e-08
-2.7695496783893090e-08
-2.5808696767455455e-08
-2.4064936697595051e-08
-2.2451964438954923e-08
-2.0958779476479824e-08
-1.9575237757926846e-08
-1.8292334306344292e-08
-1.7101898445449588e-08
-1.5996352366802978e-08
-1.4969068658302001e-08
-1.4013873151191707e-08
-1.3125028165105474e-08
-1.2297539038678238e-08
-1.1526747659521085e-08
-1.0808244544240708e-08
-1.0138205751308254e-08
-9.5130515591332846e-09
-8.9294122094440790e-09
-8.3843255314087513e-09
-7.8750441083910345e-09
-7.3989102525611126e-09
-6.9536410064683476e-09
-6.5370521635052837e-09
-6.1470805303901115e-09
-5.7819751574816224e-09
-5.4399887276391391e-09
-5.1194880266183903e-09
-4.8190872667504063e-09
-4.5374212494170765e-09
-4.2731713747967990e-09
-4.0252471225810702e-09
-3.7925653983567909e-09
-3.5740386342016979e-09
-3.3688357140767429e-09
-3.1761065617096339e-09
-2.9949495736838214e-09
-2.8246772196975222e-09
-2.6646031963246333e-09
-2.5140402565201451e-09
-2.3724318873907508e-09
-2.2391809358990480e-09
-2.1137575906130316e-09
-1.9957200253079451e-09
-1.8845780285934652e-09
-1.7798881259073906e-09
-1.6813014371625744e-09
-1.5884196354797237e-09
-1.5008526730587573e-09
-1.4183487515087040e-09
-1.3405650886449982e-09
-1.2672004125213494e-09
-1.1980544360032489e-09
-1.1328414140370093e-09
-1.0712717810607800e-09
-1.0131859653195601e-09
-9.5839687503661117e-10
-9.0665768680394647e-10
-8.5782507790122992e-10
-8.1171284564756211e-10
-7.6816330690665690e-10
-7.2703233164923990e-10
-6.8821191171709954e-10
-6.5150519209064413e-10
-6.1682964472292862e-10
-5.8406276913543453e-10
-5.5307611598329997e-10
-5.2379273670312744e-10
-4.9614221924836411e-10
-4.6996774388726120e-10
-4.4520478257754490e-10
-4.2180558275690000e-10
1.0919724329162177e-05
4.4736544921268785e-06
2.4813898829431687e-06
1.6986493373090064e-06
1.2740840582089562e-06
1.0037400571722659e-06
8.1570095412756226e-07
6.7749388971764246e-07
5.7198211323734753e-07
4.8913845962832943e-07
4.2265965509483854e-07
3.6836961525268061e-07
3.2338880772159870e-07
2.8566588474531984e-07
2.5370084612502667e-07
2.2637199324498619e-07
2.0282435294023582e-07
1.8239570361773194e-07
1.6456499427609827e-07
1.4891758829537246e-07
1.3511950237373328e-07
1.2289876176284936e-07
1.1203221999430979e-07
1.0233492334099751e-07
9.3652510528286410e-08
8.5855361438346508e-08
7.8833634014825669e-08
7.2494128139240108e-08
6.6757000875566569e-08
6.1553461092677051e-08
5.6824347119266998e-08
5.2518191238661286e-08
4.8590171252582656e-08
4.5001165941991875e-08
4.1716685506525601e-08
3.8706525987593249e-08
3.5944072729441683e-08
3.3405447748931782e-08
3.1069751719652953e-08
2.8918359417670451e-08
2.6934387638487826e-08
2.5102968803050536e-08
2.3410740282127584e-08
2.1845526184479968e-08
2.0396580007819586e-08
1.9054204592116461e-08
1.7809406060952777e-08
1.6654283339509760e-08
1.5581553634898595e-08
1.4584606562282235e-08
1.3657511879089568e-08
1.2794808725214652e-08
1.1991457971721059e-08
1.1243033901608073e-08
1.0545339701828547e-08
9.8945125925176935e-09
9.2871797187566695e-09
8.7200897206338882e-09
8.1902948785557783e-09
7.6951742335078257e-09
7.2322420315228325e-09
6.7991563445580842e-09
6.3938678899598299e-09
6.0144071899029703e-09
5.6589784091407082e-09
5.3260050197657793e-09
5.0138997796317087e-09
4.7212174209478473e-09
4.4467254790294811e-09
4.1891648366492048e-09
3.9474011415307485e-09
3.7204523878726395e-09
3.5072717004539122e-09
3.3069671512381501e-09
3.1188067531448444e-09
2.9419223032136612e-09
2.7755672804460622e-09
2.6191414971268169e-09
2.4719765919020260e-09
2.3334758218345998e-09
2.2031576323389459e-09
2.0804586232441467e-09
1.9649013867359874e-09
1.8561006838835592e-09
1.7535754171442867e-09
1.6569428598589167e-09
1.5659259627217960e-09
1.4801102020899275e-09
1.3991635189694445e-09
1.3228717802949675e-09
1.2509138975378601e-09
1.1830025672517363e-09
1.1189532551880354e-09
1.0585025760211392e-09
1.0014066743974638e-09
9.4754122650008480e-10
8.9669028555074932e-10
8.4865905905720290e-10
8.0328692409012818e-10
7.6043443975930580e-10
7.1994166490264970e-10
6.8170000333116586e-10
6.4554138464840543e-10
6.1135961478336583e-10
5.7906146012896723e-10
5.4852880970756667e-10
5.1964215512405989e-10
4.9234629859578349e-10
4.6651682448870651e-10
4.4207088352547541e-10
4.1895559412193578e-10
3.9709487237887079e-10
3.7639871441515376e-10
-7.1721463364532404e-06
-3.1246548654668735e-06
-1.7499489739348767e-06
-1.2075371134884294e-06
-9.1353035515165576e-07
-7.2603280861792718e-07
-5.9502338727069770e-07
-4.9810823701562073e-07
-4.2357645899456428e-07
-3.6461639978823807e-07
-3.1695484136571317e-07
-2.7775903762489831e-07
-2.4506941664025459e-07
-2.1748470823999608e-07
-1.9397528000252934e-07
-1.7376678484807946e-07
-1.5626646049256060e-07
-1.4101217173988154e-07
-1.2763859158235190e-07
-1.1585358519162706e-07
-1.0542044007631548e-07
-9.6145713397725959e-08
-8.7869690743676868e-08
-8.0459586480866693e-08
-7.3804084469388023e-08
-6.7809049621173955e-08
-6.2394864707580547e-08
-5.7493402063677197e-08
-5.3045910681542563e-08
-4.9002102133085516e-08
-4.5318156040643181e-08
-4.1955938170579871e-08
-3.8882269374491213e-08
-3.6067828960611807e-08
-3.3486931541358525e-08
-3.1117024467070108e-08
-2.8937859783419749e-08
-2.6931643194360995e-08
-2.5082602969183644e-08
-2.3376422691143626e-08
-2.1800442272711812e-08
-2.0343317961181173e-08
-1.8994754682788213e-08
-1.7745594140198162e-08
-1.6587537768681355e-08
-1.5513053321393882e-08
-1.4515343460601677e-08
-1.3588201104803651e-08
-1.2726063612349915e-08
-1.1923865669872714e-08
-1.1176886469205002e-08
-1.0480905019040153e-08
-9.8321501674188163e-09
-9.2269625829507870e-09
-8.6621201215786229e-09
-8.1347381447324127e-09
-7.6419897039723578e-09
-7.1813961920630751e-09
-6.7507444610009793e-09
-6.3478179842815433e-09
-5.9706636447196955e-09
-5.6175364819604967e-09
-5.2867171124546695e-09
-4.9767051876756069e-09
-4.6861235204884765e-09
-4.4135770753860662e-09
-4.1578858896209495e-09
-3.9179823697586822e-09
-3.6927277901778155e-09
-3.4811874252073622e-09
-3.2825181836347306e-09
-3.0957875705332919e-09
-2.9202715072879525e-09
-2.7553279944050761e-09
-2.6001581991127356e-09
-2.4541724717980996e-09
-2.3168469289903385e-09
-2.1875675110388470e-09
-2.0658616147107093e-09
-1.9513010381752707e-09
-1.8433651870208101e-09
-1.7416749047871334e-09
-1.6458853116421537e-09
-1.5555714515275539e-09
-1.4704490592997661e-09
-1.3902015357668139e-09
-1.3145113256773929e-09
-1.2431049980798054e-09
-1.1757778860157739e-09
-1.1122130796920832e-09
-1.0522279710012321e-09
-9.9563664724722259e-10
-9.4215074686572925e-10
-8.9166568983113761e-10
-8.4403184659999600e-10
-7.9901124112556354e-10
-7.5645708244362058e-10
-7.1628391818016245e-10
-6.7829694614289990e-10
-6.4239389408246022e-10
-6.0849004405751230e-10
-5.7639967673392679e-10
-5.4606499054320927e-10
-5.1739290295232083e-10
-4.9026166792832328e-10
-4.6459366494084670e-10
-4.4033979527980508e-10
-4.1736835733457241e-10
-3.9560990661746115e-10
-3.7507363765026889e-10
-3.5560654309685442e-10
-3.3716571862312116e-10
-3.1972303465633012e-10
4.7362463590566815e-06
2.1812656080113676e-06
1.2303475002986831e-06
8.5290441863911744e-07
6.4862312710186901e-07
5.1851754248444386e-07
4.2752152379775805e-07
3.6000382301438139e-07
3.0785597566054818e-07
2.6639696823899460e-07
2.3270666078012664e-07
2.0485454259232977e-07
1.8150599540085450e-07
1.6170629455337352e-07
1.4475191438592238e-07
1.3011288102540531e-07
1.1738183194668716e-07
1.0624009348216696e-07
9.6434951692426443e-08
8.7763307665109625e-08
8.0060346046319217e-08
7.3190427733477086e-08
6.7041384744439444e-08
6.1519738548713515e-08
5.6546408649569146e-08
5.2054807438807470e-08
4.7988183221438429e-08
4.4297584349408936e-08
4.0941112059312819e-08
3.7882521688650133e-08
3.5090123711609453e-08
3.2536453944580950e-08
3.0197219213620124e-08
2.8051236227396159e-08
2.6079817127996026e-08
2.4266250456588158e-08
2.2595846661656736e-08
2.1055568651117110e-08
1.9633600419913732e-08
1.8319509177763271e-08
1.7103897598726948e-08
1.5978266715700335e-08
1.4935123026773438e-08
1.3967552968333772e-08
1.3069323813292756e-08
1.2234861198525040e-08
1.1459051224454847e-08
1.0737211062781592e-08
1.0065265279970468e-08
9.4392342857178280e-09
8.8556545110581846e-09
8.3113965353081860e-09
7.8034258364366133e-09
7.3290895061019379e-09
6.8860118750958194e-09
6.4718071353927089e-09
6.0844598386538765e-09
5.7221102736812688e-09
5.3829044111425144e-09
5.0652746280992320e-09
4.7677222777907664e-09
4.4888373144578606e-09
4.2273910630720958e-09
3.9822150650543451e-09
3.7521314528278137e-09
3.5362013597366696e-09
3.3334841637518690e-09
3.1430793892207370e-09
2.9642065164268302e-09
2.7961147039930138e-09
2.6380560045387738e-09
2.4894703503260479e-09
2.3497265395668595e-09
2.2182204304088033e-09
2.0944496475959983e-09
1.9779835929391037e-09
1.8682729844395547e-09
1.7649912879892797e-09
1.6677036382424563e-09
1.5759864441954962e-09
1.4895873046903337e-09
1.4081416446256365e-09
1.3313234007337379e-09
1.2588991984923705e-09
1.1906027605855838e-09
1.1261325488697066e-09
1.0653340913678152e-09
1.0079589534043253e-09
9.5377576287905477e-10
9.0262135075977040e-10
8.5433662698115622e-10
8.0870449870920988e-10
7.6561452471737999e-10
7.2493959218719811e-10
6.8647169050696834e-10
6.5011386618664507e-10
6.1577337161551409e-10
5.8328624506376506e-10
5.5259809870826695e-10
5.2356593501978437e-10
4.9609863136463343e-10
4.7013339631578621e-10
4.4558678313699462e-10
4.2232356348816308e-10
4.0033674958395864e-10
3.7953538602564609e-10
3.5982163801313142e-10
3.4118000417734983e-10
3.2355753600564798e-10
3.0684211639142973e-10
2.9100430426533409e-10
2.7602524599928845e-10
2.6182036139410268e-10
-3.1437767784352929e-06
-1.5237396100448405e-06
-8.6438703455187575e-07
-6.0057077092780026e-07
-4.5792303376965480e-07
-3.6731078877874041e-07
-3.0402895357356811e-07
-2.5706303765556047e-07
-2.2072807269480616e-07
-1.9176444315407946e-07
-1.6815240420627467e-07
-1.4856304922009804e-07
-1.3208120285528122e-07
-1.1805294880956290e-07
-1.0599714867893629e-07
-9.5551025957712987e-08
-8.6435324024279647e-08
-7.8431518242725784e-08
-7.1365601218384298e-08
-6.5097754891897807e-08
-5.9513989874800195e-08
-5.4520304230030827e-08
-5.0038923172553053e-08
-4.6004479581536495e-08
-4.2361938373098670e-08
-3.9064699122552200e-08
-3.6072624503527862e-08
-3.3351492485078382e-08
-3.0871675941311274e-08
-2.8607413739746261e-08
-2.6536410208497906e-08
-2.4638874142915925e-08
-2.2897653417684324e-08
-2.1297667881179194e-08
-1.9825286593185275e-08
-1.8468699577271216e-08
-1.7217388761807628e-08
-1.6061706412958053e-08
-1.4993321036059973e-08
-1.4004632148644314e-08
-1.3088726162170909e-08
-1.2239618575668052e-08
-1.1451711006006902e-08
-1.0719914450957792e-08
-1.0039811109411168e-08
-9.4072218970538696e-09
-8.8184115807751931e-09
-8.2700546718789593e-09
-7.7589425939063375e-09
-7.2822831694506057e-09
-6.8375514031370203e-09
-6.4222923536833146e-09
-6.0343613939269134e-09
-5.6718382797760155e-09
-5.3327882337323584e-09
-5.0156086861038291e-09
-4.7187751837842096e-09
-4.4407467047439364e-09
-4.1803136399424126e-09
-3.9362452033127509e-09
-3.7073918510934096e-09
-3.4927874992237542e-09
-3.2914250606906123e-09
-3.1023746985631713e-09
-2.9249008083976554e-09
-2.7582271019485681e-09
-2.6015871937014604e-09
-2.4544066384688671e-09
-2.3160174573906864e-09
-2.1858585928094415e-09
-2.0634664369735541e-09
-1.9482889575004678e-09
-1.8398263678781556e-09
-1.7377771478540891e-09
-1.6416786074642117e-09
-1.5511338231058891e-09
-1.4658629668770482e-09
-1.3855011950906820e-09
-1.3097131409629319e-09
-1.2382945038293878e-09
-1.1709575801972278e-09
-1.1074095090133415e-09
-1.0475113113981948e-09
-9.9096717229875844e-10
-9.3759371625999663e-10
-8.8725637661376421e-10
-8.3969356601876938e-10
-7.9477171570465854e-10
-7.5239036238507911e-10
-7.1232771891683887e-10
-6.7445526637216832e-10
-6.3874496422149886e-10
-6.0497150623181794e-10
-5.7298832747407300e-10
-5.4282147403371558e-10
-5.1429051156273824e-10
-4.8727983465932658e-10
-4.6175993218874101e-10
-4.3762701838266837e-10
-4.1476890461024396e-10
-3.9317463197951465e-10
-3.7272568757417487e-10
-3.5336072147141380e-10
-3.3507098917551902e-10
-3.1772381300639986e-10
-3.0129192853238774e-10
-2.8578137551836798e-10
-2.7106165761239263e-10
-2.5711656482808358e-10
-2.4391029196009135e-10
-2.3140598935470167e-10
-2.1956169572652779e-10
-2.0835742698344319e-10
