12
2.0000000000000000e+00
2.0000000000000000e+01
113
9.8089999999999999e-01
9.9999099999999996e-01
1.0124268360844786e+00
-2.4908389919796223e-01
-6.1475006921860004e-02
-3.2145240808103298e-02
-2.0404581441127220e-02
-1.4327587277811416e-02
-1.0700950890243675e-02
-8.3315547781329258e-03
-6.6834451024110394e-03
-5.4831848636901475e-03
-4.5778970967748338e-03
-3.8759841142511292e-03
-3.3195044150405740e-03
-2.8701685135885157e-03
-2.5017463886316338e-03
-2.1957193086427082e-03
-1.9386734647913243e-03
-1.7206761774097481e-03
-1.5342301951458328e-03
-1.3735806480282319e-03
-1.2342440166782775e-03
-1.1126807964191416e-03
-1.0060634716176830e-03
-9.1210910800029071e-04
-8.2895662070946717e-04
-7.5507548533102604e-04
-6.8919693553692049e-04
-6.3026148074530751e-04
-5.7737842920452796e-04
-5.2979434982729115e-04
-4.8686826885230023e-04
-4.4805199178253558e-04
-4.1287436498934661e-04
-3.8092859375279974e-04
-3.5186195073190610e-04
-3.2536736996058589e-04
-3.0117653778113983e-04
-2.7905418135658301e-04
-2.5879332240757601e-04
-2.4021131129731897e-04
-2.2314649865468251e-04
-2.0745542790497876e-04
-1.9301045774247546e-04
-1.7969774059151735e-04
-1.6741549609454394e-04
-1.5607253222210641e-04
-1.4558697319155454e-04
-1.3588516244832262e-04
-1.2690071250763074e-04
-1.1857368056508334e-04
-1.1084985059376739e-04
-1.0368010634721265e-04
-9.7019882807851724e-05
-9.0828684443776874e-05
-8.5069661770136067e-05
-7.9709237443213954e-05
-7.4716776105382903e-05
-7.0064292347948759e-05
-6.5726190752929972e-05
-6.1679035209143493e-05
-5.7901343322140438e-05
-5.4373402914619945e-05
-5.1077108075672041e-05
-4.7995811871585263e-05
-4.5114194691277160e-05
-4.2418145785805993e-05
-3.9894656665675667e-05
-3.7531725015857053e-05
-3.5318267962350757e-05
-3.3244043846692081e-05
-3.1299581179970658e-05
-2.9476114509014762e-05
-2.7765526296124360e-05
-2.6160293627948768e-05
-2.4653440506460663e-05
-2.3238493863711841e-05
-2.1909443616866477e-05
-2.0660706516946583e-05
-1.9487092522503590e-05
-1.8383774808628762e-05
-1.7346261761094042e-05
-1.6370371629725668e-05
-1.5452209115078620e-05
-1.4588144046780326e-05
-1.3774791802227640e-05
-1.3008995165987737e-05
-1.2287807728334988e-05
-1.1608478697649455e-05
-1.0968438851764018e-05
-1.0365287506102730e-05
-9.7967806219643680e-06
-9.2608197562957471e-06
-8.7554418483428851e-06
-8.2788099676264585e-06
-7.8292044494399479e-06
-7.4050148343765363e-06
-7.0047325801666487e-06
-6.6269440063823369e-06
-6.2703240679214229e-06
-5.9336301947469114e-06
-5.6156970034971055e-06
-5.3154310423507730e-06
-5.0318061917609168e-06
-4.7638591298670404e-06
-4.5106853181697930e-06
-4.2714350871115477e-06
-4.0453102116242386e-06
-3.8315606267137938e-06
-3.6294812205790205e-06
-3.4384090242681072e-06
-3.2577205882565738e-06
-3.0868295037456789e-06
-2.9251840114763701e-06
1.1142560046762323e-01
-6.0964669817887021e-02
-1.1028457979729888e-02
-5.2519270593727550e-03
-3.1464898462731108e-03
-2.1188580828235349e-03
-1.5317898342901305e-03
-1.1614506345616351e-03
-9.1127179938790305e-04
-7.3357437606139250e-04
-6.0243455008178676e-04
-5.0269291450926693e-04
-4.2496475299651226e-04
-3.6316742480760783e-04
-3.1320677088281245e-04
-2.7223850584908859e-04
-2.3823283206855211e-04
-2.0970732917584490e-04
-1.8555737158765492e-04
-1.6494521727304661e-04
-1.4722555617009331e-04
-1.3189437309373480e-04
-1.1855309412573009e-04
-1.0688298849811727e-04
-9.6626585314393490e-05
-8.7573980860921425e-05
-7.9552611931306394e-05
-7.2419520442970606e-05
-6.6055437590893591e-05
-6.0360209555506484e-05
-5.5249228504766160e-05
-5.0650621403173775e-05
-4.6503016689427616e-05
-4.2753758069927431e-05
-3.9357463250095506e-05
-3.6274856066921885e-05
-3.3471810656697428e-05
-3.0918566882542499e-05
-2.8589082201677777e-05
-2.6460493019414696e-05
-2.4512665412113917e-05
-2.2727817168010872e-05
-2.1090200954139525e-05
-1.9585835067200274e-05
-1.8202275098972159e-05
-1.6928419338512676e-05
-1.5754341795654702e-05
-1.4671149401208385e-05
-1.3670858713623361e-05
-1.2746289053286738e-05
-1.1890970348443198e-05
-1.1099062566498901e-05
-1.0365285909297573e-05
-9.6848596372810813e-06
-9.0534481533561639e-06
-8.4671142473433587e-06
-7.9222770035567463e-06
-7.4156761634964986e-06
-6.9443390183185924e-06
-6.5055519432911480e-06
-6.0968347363090201e-06
-5.7159184601441661e-06
-5.3607251284393999e-06
-5.0293492927893567e-06
-4.7200423028223920e-06
-4.4311977999150490e-06
-4.1613388764882233e-06
-3.9091063814158794e-06
-3.6732483298763408e-06
-3.4526107535368098e-06
-3.2461289412033137e-06
-3.0528200192627222e-06
-2.8717758172344431e-06
-2.7021566965444971e-06
-2.5431856741353021e-06
-2.3941434249764516e-06
-2.2543636940382230e-06
-2.1232286902898347e-06
-2.0001653120562471e-06
-1.8846417978558923e-06
-1.7761642066659617e-06
-1.6742736852625128e-06
-1.5785435093230333e-06
-1.4885769143550647e-06
-1.4040045968132306e-06
-1.3244827239473389e-06
-1.2496910333277480e-06
-1.1793309450898992e-06
-1.1131242240748904e-06
-1.0508113359241819e-06
-9.9215001461911856e-07
-9.3691409635402819e-07
-8.8489240935843118e-07
-8.3588770741023182e-07
-7.8971562540970228e-07
-7.4620368115332224e-07
-7.0519060096286209e-07
-6.6652554169019760e-07
-6.3006738516776543e-07
-5.9568384199419021e-07
-5.6325108662769629e-07
-5.3265315269070708e-07
-5.0378130134191161e-07
-4.7653370879403600e-07
-4.5081479812075703e-07
-4.2653489286866649e-07
-4.0360988604218199e-07
-3.8196093450994826e-07
-3.6151399218684413e-07
-3.4219938771399184e-07
-3.2395183073739253e-07
-3.0670996570734282e-07
-2.9041618514140543e-07
-1.9372527140228583e-02
9.0027111534639222e-03
1.9375852537907132e-03
9.8142956896870551e-04
6.0151569286298937e-04
4.1114051069948948e-04
3.0057976824993690e-04
2.2994270816062149e-04
1.8173012988435247e-04
1.4718952204296454e-04
1.2151073169601178e-04
1.0185516629629768e-04
8.6451562249357047e-05
7.4143831466283395e-05
6.4148947512163195e-05
5.5919855346609639e-05
4.9064147229859987e-05
4.3293887258573416e-05
3.8393589974917007e-05
3.4199176214046111e-05
3.0583785024796811e-05
2.7447985778774781e-05
2.4712892692508134e-05
2.2315228338969761e-05
2.0203729231039760e-05
1.8336488518438696e-05
1.6678964454861262e-05
1.5202471287273409e-05
1.3883020095649639e-05
1.2700422132710428e-05
1.1637586124337403e-05
1.0679963202907246e-05
9.8151063056125028e-06
9.0323159195180569e-06
8.3223545847218420e-06
7.6772131868793177e-06
7.0899215779211741e-06
6.5543917758849154e-06
6.0652880205640997e-06
5.6179190374148237e-06
5.2081473011035800e-06
4.8323141071059519e-06
4.4871748203681372e-06
4.1698448215796688e-06
3.8777535166243919e-06
3.6086048019475084e-06
3.3603436199971414e-06
3.1311263386426058e-06
2.9192962165920824e-06
2.7233615235113817e-06
2.5419766325747647e-06
2.3739258895520881e-06
2.2181091964535589e-06
2.0735291820825627e-06
1.9392808264934237e-06
1.8145412717021370e-06
1.6985618420980178e-06
1.5906599065199278e-06
1.4902126508838565e-06
1.3966509983180838e-06
1.3094547586369174e-06
1.2281474536469405e-06
1.1522921098744078e-06
1.0814880888789969e-06
1.0153673349683310e-06
9.5359163025714172e-07
8.9584959600730331e-07
8.4185453051700218e-07
7.9134224361128714e-07
7.4406906211178538e-07
6.9981003776575256e-07
6.5835719272550146e-07
6.1951844979282608e-07
5.8311603089322112e-07
5.4898539626474515e-07
5.1697414467976607e-07
4.8694081437191394e-07
4.5875441779036367e-07
4.3229328176196760e-07
4.0744441005879982e-07
3.8410294939619427e-07
3.6217112987702695e-07
3.4155835736391105e-07
3.2218016466918060e-07
3.0395779475311570e-07
2.8681809810842483e-07
2.7069271585357771e-07
2.5551812686791017e-07
2.4123490071654073e-07
2.2778757257901175e-07
2.1512446890639348e-07
2.0319734200211892e-07
1.9196103965390649e-07
1.8137331124597049e-07
1.7139475842425181e-07
1.6198852158013850e-07
1.5312005373373664e-07
1.4475710599874681e-07
1.3686936718475452e-07
1.2942850651571121e-07
1.2240799208358777e-07
1.1578300896538034e-07
1.0953022401431325e-07
1.0362764041158691e-07
9.8054883624829960e-08
9.2792648269612145e-08
8.7822912402727072e-08
8.3128745700625212e-08
7.8694063249492542e-08
7.4504087643928927e-08
7.0544714578435500e-08
6.6802743628363147e-08
6.3265645196494030e-08
5.6217115044603309e-03
-2.4249308338721047e-03
-5.5029456374576947e-04
-2.8567608753287110e-04
-1.7718632065442103e-04
-1.2206889099984329e-04
-8.9768754183308143e-05
-6.8989478854423276e-05
-5.4728665189614933e-05
-4.4465481998916415e-05
-3.6806127248010685e-05
-3.0923927078235444e-05
-2.6300814976082461e-05
-2.2597381433744969e-05
-1.9582977581764040e-05
-1.7095980249379448e-05
-1.5020143397909268e-05
-1.3269959765627621e-05
-1.1781293276990605e-05
-1.0505205951609743e-05
-9.4037867414755808e-06
-8.4472691459592654e-06
-7.6119967766840218e-06
-6.8789641180308551e-06
-6.2327510578319842e-06
-5.6607338663807368e-06
-5.1524939480676956e-06
-4.6993677472698548e-06
-4.2941020979696329e-06
-3.9305851085763042e-06
-3.6036371248481558e-06
-3.3088447287329317e-06
-3.0424281598861820e-06
-2.8011352987779838e-06
-2.5821553029920309e-06
-2.3830494357147846e-06
-2.2016937826872996e-06
-2.0362311060892566e-06
-1.8850326519696508e-06
-1.7466652120184020e-06
-1.6198642172729687e-06
-1.5035101368971616e-06
-1.3966094973274453e-06
-1.2982789073634021e-06
-1.2077302409219961e-06
-1.1242593497238161e-06
-1.0472353421787307e-06
-9.7609211195062776e-07
-9.1032061842012901e-07
-8.4946223056401412e-07
-7.9310321904409696e-07
-7.4086914621877968e-07
-6.9242145399531764e-07
-6.4745282052131437e-07
-6.0568444919814006e-07
-5.6686252597980656e-07
-5.3075590080798788e-07
-4.9715409269284521e-07
-4.6586482974439221e-07
-4.3671232238161312e-07
-4.0953574967412794e-07
-3.8418766753762569e-07
-3.6053314458908689e-07
-3.3844826046520172e-07
-3.1781904588968476e-07
-2.9854066744597101e-07
-2.8051673365069530e-07
-2.6365856828918823e-07
-2.4788415843115196e-07
-2.3311793196288003e-07
-2.1929017725458066e-07
-2.0633632986516475e-07
-1.9419688971696616e-07
-1.8281657734327240e-07
-1.7214434036176107e-07
-1.6213275586397363e-07
-1.5273790837164932e-07
-1.4391920120871606e-07
-1.3563866956696897e-07
-1.2786122718431531e-07
-1.2055428201928930e-07
-1.1368739990966364e-07
-1.0723237225268502e-07
-1.0116285731545442e-07
-9.5454402986613738e-08
-9.0084285547520538e-08
-8.5031133170025527e-08
-8.0275088640208648e-08
-7.5797721145995706e-08
-7.1581786782148122e-08
-6.7611056163597281e-08
-6.3870531862195495e-08
-6.0346096192352428e-08
-5.7024665616912371e-08
-5.3893886694302083e-08
-5.0942239408664003e-08
-4.8158952047358352e-08
-4.5533895355703551e-08
-4.3057700055536448e-08
-4.0721518302933562e-08
-3.8517018962788363e-08
-3.6436366682697875e-08
-3.4472355981070230e-08
-3.2618172021317361e-08
-3.0867402658740544e-08
-2.9213928812582314e-08
-2.7652151078044465e-08
-2.6176808586424459e-08
-2.4782880719740961e-08
-2.3465723813353085e-08
-2.2220832217086653e-08
-2.1044194952020513e-08
-1.9931880609309671e-08
-1.9456641618662580e-03
8.0278027626987732e-04
1.8405701972690138e-04
9.7582367166915133e-05
6.1131678595192836e-05
4.2367745153598651e-05
3.1292782302054772e-05
2.4130785475363975e-05
1.9195269706830188e-05
1.5631315853654551e-05
1.2964005522626828e-05
1.0910574896172357e-05
9.2932413845628648e-06
7.9952024831289480e-06
6.9368849358401505e-06
6.0624067304488091e-06
5.3314944339561064e-06
4.7144701814512556e-06
4.1890358997868326e-06
3.7381513006902141e-06
3.3485976484477445e-06
3.0099815067003688e-06
2.7140329757109317e-06
2.4540999235278665e-06
2.2247794746758964e-06
2.0216441048425650e-06
1.8410357602390043e-06
1.6799102849934185e-06
1.5357160576198825e-06
1.4063018145983858e-06
1.2898429920006109e-06
1.1847833110370308e-06
1.0897891815809417e-06
1.0037120621566199e-06
9.2555936572857556e-07
8.5446871180323683e-07
7.8968851694156923e-07
7.3056153820301883e-07
6.7651087052554969e-07
6.2702878789574445e-07
5.8166656912510120e-07
5.4002716672633731e-07
5.0175822962323699e-07
4.6654582227606666e-07
4.3410999290466865e-07
4.0420038375133246e-07
3.7659285828415436e-07
3.5108588694720048e-07
3.2749831994102642e-07
3.0566697254591044e-07
2.8544423765291884e-07
2.6669698707622005e-07
2.4930440144965037e-07
2.3315701156637527e-07
2.1815512812105218e-07
2.0420835510158229e-07
1.9123431984553142e-07
1.7915774155128539e-07
1.6790986652109844e-07
1.5742789839430223e-07
1.4765440104314246e-07
1.3853688581772277e-07
1.3002686060500371e-07
1.2207997034662906e-07
1.1465550633199565e-07
1.0771601350285763e-07
1.0122701193632538e-07
9.5156544959848362e-08
8.9475456202954215e-08
8.4156523768663799e-08
7.9174899745010261e-08
7.4507423248025970e-08
7.0132600868882508e-08
6.6030787140726119e-08
6.2183535763622930e-08
5.8574015400414888e-08
5.5186379871534342e-08
5.2005977878542512e-08
4.9019245294797706e-08
4.6213659154969098e-08
4.3577405800792744e-08
4.1099549224115146e-08
3.8770024842589972e-08
3.6579445956309210e-08
3.4518876352893447e-08
3.2580151587793137e-08
3.0755628995212734e-08
2.9038242725330747e-08
2.7421267095196167e-08
2.5898526312432371e-08
2.4464179076873131e-08
2.3112841436985206e-08
2.1839482904217507e-08
2.0639308807615342e-08
1.9507860125796357e-08
1.8441038403926459e-08
1.7435011598431977e-08
1.6486104149985745e-08
1.5590907064357150e-08
1.4746147301082193e-08
1.3948978176752250e-08
1.3196548640357603e-08
1.2486292106692730e-08
1.1815586134408047e-08
1.1182217843017412e-08
1.0584045363011185e-08
1.0019026461164516e-08
9.4851542420125527e-09
8.9807213972264651e-09
8.5040343406044192e-09
8.0534943471769904e-09
7.6275921013771047e-09
7.2249625092502514e-09
7.3883373172033162e-04
-2.9660507112793603e-04
-6.7194980744688472e-05
-3.6282071593757895e-05
-2.2934768793662132e-05
-1.5975001839980830e-05
-1.1841556955981704e-05
-9.1567834774000683e-06
-7.3002983791321672e-06
-5.9559851208560137e-06
-4.9475292111286015e-06
-4.1696112723619474e-06
-3.5558322712680319e-06
-3.0624638990421004e-06
-2.6596556972665717e-06
-2.3264055308705536e-06
-2.0475521020185786e-06
-1.8119057818816341e-06
-1.6110482826451909e-06
-1.4385387928156645e-06
-1.2893738771940693e-06
-1.1596159539411009e-06
-1.0461284150885112e-06
-9.4638605317932637e-07
-8.5833616608818080e-07
-7.8029466610992486e-07
-7.1086966933069090e-07
-6.4890133120772308e-07
-5.9341742322710404e-07
-5.4359738983285756e-07
-4.9874459613498039e-07
-4.5826479472083489e-07
-4.2164831027516075e-07
-3.8845638216109871e-07
-3.5830881691246050e-07
-3.3087558368725328e-07
-3.0586900089896930e-07
-2.8303721119321104e-07
-2.6215901526276417e-07
-2.4303953188699742e-07
-2.2550696744334400e-07
-2.0940872467053105e-07
-1.9460940702410464e-07
-1.8098850355960773e-07
-1.6843839089999652e-07
-1.5686299218453634e-07
-1.4617587712476163e-07
-1.3629957252814119e-07
-1.2716445221923117e-07
-1.1870756547375523e-07
-1.1087223294200081e-07
-1.0360704679076414e-07
-9.6865477451920874e-08
-9.0605264093633551e-08
-8.4788106055668268e-08
-7.9379205853564804e-08
-7.4346509764388025e-08
-6.9661004282669207e-08
-6.5296360086953795e-08
-6.1228358341970057e-08
-5.7434642553376362e-08
-5.3894883392712241e-08
-5.0590493963798940e-08
-4.7504286657214073e-08
-4.4620610310948324e-08
-4.1924866779650361e-08
-3.9403704412983617e-08
-3.7044869015199821e-08
-3.4837039537582932e-08
-3.2769719329516047e-08
-3.0833162238207450e-08
-2.9018474823534435e-08
-2.7317376382408512e-08
-2.5722305129409493e-08
-2.4226073217772367e-08
-2.2821976859104351e-08
-2.1504120704056466e-08
-2.0266713365853088e-08
-1.9104576160154196e-08
-1.8012766143152891e-08
-1.6986714436309692e-08
-1.6022296063354734e-08
-1.5115484690113356e-08
-1.4262580522668490e-08
-1.3460276353475484e-08
-1.2705338431302212e-08
-1.1994846538033549e-08
-1.1325955006090071e-08
-1.0696092685519922e-08
-1.0102932341790997e-08
-9.5441506816492886e-09
-9.0176500914897899e-09
-8.5214338447049299e-09
-8.0537212178517365e-09
-7.6127973014365348e-09
-7.1970449331361126e-09
-6.8048704357220185e-09
-6.4349257043478512e-09
-6.0859230181744602e-09
-5.7566099894967390e-09
-5.4457774896336524e-09
-5.1523735281756332e-09
-4.8753181835982702e-09
-4.6137639226914196e-09
-4.3667446987156292e-09
-4.1333952637007852e-09
-3.9129784977111530e-09
-3.7047124916646607e-09
-3.5079587625678075e-09
-3.3219216327976486e-09
-3.1461086781153863e-09
-2.9799084307346387e-09
-2.8227345295418800e-09
-2.9740510165852984e-04
1.1756996731593389e-04
2.5942330921455769e-05
1.4223291493989920e-05
9.0670831673244098e-06
6.3436680699945082e-06
4.7169355265334199e-06
3.6562415431353777e-06
2.9205937070507616e-06
2.3866094697567957e-06
1.9852236065031295e-06
1.6750608843457947e-06
1.4299723500016010e-06
1.2327032770853318e-06
1.0714529233039500e-06
9.3790513735239477e-07
8.2604764600729068e-07
7.3143833653156785e-07
6.5073114303354385e-07
5.8136215136490241e-07
5.2133868795370863e-07
4.6909070222180853e-07
4.2336647939078834e-07
3.8315748323395037e-07
3.4764301567993107e-07
3.1614972009274510e-07
2.8812009411660498e-07
2.6309002346356937e-07
2.4066957436829097e-07
2.2052951297107651e-07
2.0239054577165521e-07
1.8601416402636559e-07
1.7119563704493160e-07
1.5775831633403182e-07
1.4554952492916417e-07
1.3443666891297966e-07
1.2430377133794337e-07
1.1504951217787810e-07
1.0658465789562949e-07
9.8831001135312200e-08
9.1719059517403383e-08
8.5187226192043789e-08
7.9181072572927946e-08
7.3651898689797643e-08
6.8556395392273927e-08
6.3855421997830094e-08
5.9514377401451203e-08
5.5501896148838773e-08
5.1789768993000191e-08
4.8352702191711442e-08
4.5167544882909562e-08
4.2213687294699438e-08
3.9472199545722210e-08
3.6926144782260737e-08
3.4559815601911033e-08
3.2359094812512592e-08
3.0311170284377714e-08
2.8404395399056774e-08
2.6627897990602327e-08
2.4971754171421967e-08
2.3427017812553863e-08
2.1985666443238480e-08
2.0639932031096260e-08
1.9382852210524045e-08
1.8208110559614791e-08
1.7109791383030263e-08
1.6082487622680933e-08
1.5121233656031039e-08
1.4221352278130000e-08
1.3378641934922709e-08
1.2589176975725635e-08
1.1849361958730029e-08
1.1155741009195113e-08
1.0505234671203226e-08
9.8949462743236203e-09
9.3222655516265466e-09
8.7847090704977089e-09
8.2798883189219446e-09
7.8057042960250801e-09
7.3602166004215865e-09
6.9415021953297171e-09
6.5478682262578256e-09
6.1777070480136888e-09
5.8295860928114021e-09
5.5020931386063209e-09
5.1938738898161787e-09
4.9037394288492805e-09
4.6306004997172120e-09
4.3734325969709335e-09
4.1311444726577058e-09
3.9028974029830786e-09
3.6878292332551999e-09
3.4851669495557384e-09
3.2940870950260265e-09
3.1139269356942493e-09
2.9440261140243781e-09
2.7837665145652927e-09
2.6326333940142126e-09
2.4900111196996261e-09
2.3553671783177911e-09
2.2283117425725661e-09
2.1083896906161140e-09
1.9951455675908137e-09
1.8882348832039948e-09
1.7872351398004054e-09
1.6918135362530797e-09
1.6016606749900968e-09
1.5165501901281227e-09
1.4360391863657835e-09
1.3599160120938752e-09
1.2880641709514070e-09
1.2200703285368419e-09
1.1558160164569343e-09
1.2467024303478797e-04
-4.8978855235573527e-05
-1.0423986396903732e-05
-5.7831665485076855e-06
-3.7164344185735593e-06
-2.6106572067883986e-06
-1.9465653979011921e-06
-1.5120385040616886e-06
-1.2098679850570619e-06
-9.9006140174854706e-07
-8.2454155196772652e-07
-6.9644343235649691e-07
-5.9508701777849691e-07
-5.1341076453955333e-07
-4.4657753571780158e-07
-3.9117364035070038e-07
-3.4472879576246191e-07
-3.0541516570285442e-07
-2.7185395959606476e-07
-2.4298855577968687e-07
-2.1799662562805268e-07
-1.9622982963696610e-07
-1.7717058363351525e-07
-1.6040181423151784e-07
-1.4558395686683410e-07
-1.3243796529097704e-07
-1.2073306096567048e-07
-1.1027637464960429e-07
-1.0090636344537946e-07
-9.2486479180849014e-08
-8.4900646370764016e-08
-7.8049741263403848e-08
-7.1848327760331016e-08
-6.6223505991766210e-08
-6.1111532207565564e-08
-5.6457055606401172e-08
-5.2211924478343983e-08
-4.8333890198319569e-08
-4.4785964589599613e-08
-4.1535210285108519e-08
-3.8552797001662877e-08
-3.5813191214354772e-08
-3.3293476372136929e-08
-3.0973422762857967e-08
-2.8834776267929281e-08
-2.6861493086419185e-08
-2.5038966810013289e-08
-2.3354046640554310e-08
-2.1794968848135064e-08
-2.0351108199278294e-08
-1.9012981779354932e-08
-1.7771737428244688e-08
-1.6619664177915182e-08
-1.5549360729364710e-08
-1.4554566693834165e-08
-1.3629359283863959e-08
-1.2768259257969987e-08
-1.1966245949813687e-08
-1.1218924832826016e-08
-1.0522242437078987e-08
-9.8724551078315129e-09
-9.2659226325082893e-09
-8.6995334995145909e-09
-8.1704493212169071e-09
-7.6760040296156600e-09
-7.2136689637088689e-09
-6.7810530640106380e-09
-6.3763482172579121e-09
-5.9973650027711324e-09
-5.6425025275357415e-09
-5.3099876241689207e-09
-4.9982882746000300e-09
-4.7060802141468200e-09
-4.4319843427584667e-09
-4.1748986234995478e-09
-3.9335642455772521e-09
-3.7069866846194389e-09
-3.4942170719247938e-09
-3.2943370539666846e-09
-3.1065315518316208e-09
-2.9300102242738917e-09
-2.7640400865728399e-09
-2.6080077868790867e-09
-2.4611861940290723e-09
-2.3230321074460382e-09
-2.1930577492371041e-09
-2.0707052055752249e-09
-1.9554613547058468e-09
-1.8469577287090614e-09
-1.7447699860588704e-09
-1.6484795391728071e-09
-1.5577258665378808e-09
-1.4722084393481481e-09
-1.3915360074392144e-09
-1.3155185851583925e-09
-1.2438412492033193e-09
-1.1762128318997340e-09
-1.1123790389748458e-09
-1.0521308327511985e-09
-9.9536032234773415e-10
-9.4171397925110955e-10
-8.9109211348603002e-10
-8.4324915596150732e-10
-7.9807670806430247e-10
-7.5542593767821637e-10
-7.1515748577288707e-10
-6.7709493749967648e-10
-6.4109436223090517e-10
-6.0708336823781522e-10
-5.7500823057785208e-10
-5.4462085714558482e-10
-5.1586623090666125e-10
-4.8867788906036410e-10
-5.3858684429443444e-05
2.1179296509434225e-05
4.3204589054982246e-06
2.4158214693567191e-06
1.5644254467200767e-06
1.1030359349600659e-06
8.2448734013146685e-07
6.4164816216714198e-07
5.1419759790405156e-07
4.2130918295855929e-07
3.5124961403668198e-07
2.9695613311954545e-07
2.5394621191856254e-07
2.1925103224541617e-07
1.9083423191953406e-07
1.6725757244443973e-07
1.4747849926998583e-07
1.3072414169983668e-07
1.1641236642512384e-07
1.0409580294726131e-07
9.3426190094854303e-08
8.4128528675201865e-08
7.5983536555544014e-08
6.8814302600888250e-08
6.2476345223372346e-08
5.6851378714223838e-08
5.1840905743046160e-08
4.7363278064145846e-08
4.3349764806534957e-08
3.9741980950116334e-08
3.6490518606323545e-08
3.3553070443757449e-08
3.0893668269015816e-08
2.8480758531973405e-08
2.6287178510430514e-08
2.4289490345516698e-08
2.2467153627526458e-08
2.0802020287223787e-08
1.9278064444153809e-08
1.7881659079020320e-08
1.6600311758099527e-08
1.5422942868817821e-08
1.4339848211600837e-08
1.3342402294890239e-08
1.2422918327933760e-08
1.1574277571602958e-08
1.0790333483334109e-08
1.0065451521656542e-08
9.3946292965427011e-09
8.7733572710601664e-09
8.1974058959508757e-09
7.6630828529002024e-09
7.1670621220233005e-09
6.7062380780950799e-09
6.2779403730806362e-09
5.8793964588710256e-09
5.5084024260479155e-09
5.1629064117038244e-09
4.8410535469224587e-09
4.5408381369835798e-09
4.2607064012235994e-09
3.9993139722490483e-09
3.7552341230362419e-09
3.5271612706532482e-09
3.3139181601181050e-09
3.1145752315094324e-09
2.9280696745315479e-09
2.7535279054874180e-09
2.5900853420227255e-09
2.4369783151522236e-09
2.2935174016398613e-09
2.1590462370803574e-09
2.0330102354368863e-09
1.9147571029461072e-09
1.8037829360464320e-09
1.6996004111596284e-09
1.6018211208247609e-09
1.5099917044007888e-09
1.4236931809325024e-09
1.3426345344460442e-09
1.2664552520994410e-09
1.1947638596368292e-09
1.1273520572367443e-09
1.0639635659688657e-09
1.0043148186193820e-09
9.4815536519224431e-10
8.9532792574876411e-10
8.4554670484054061e-10
7.9869020330052584e-10
7.5453272280743487e-10
7.1292687853088556e-10
6.7369460917502634e-10
6.3673669170722671e-10
6.0192310019608056e-10
5.6905332421893413e-10
5.3806871258926518e-10
5.0882258836862392e-10
4.8124503976601128e-10
4.5525120878150719e-10
4.3068976977647853e-10
4.0745313254478306e-10
3.8553129214265997e-10
3.6490162226489913e-10
3.4539343396057609e-10
3.2690136665701457e-10
3.0952611390835819e-10
2.9303664801911008e-10
2.7751337860873905e-10
2.6278587392281874e-10
2.4888481380579244e-10
2.3571871444536904e-10
2.2331883602248591e-10
2.1160758526589116e-10
2.3818266460021987e-05
-9.4273919895009778e-06
-1.8373189311733266e-06
-1.0306971128684930e-06
-6.7228986950417433e-07
-4.7564148614914787e-07
-3.5631807432431394e-07
-2.7776750752993916e-07
-2.2289570083746643e-07
-1.8283492148155098e-07
-1.5257708019746498e-07
-1.2910014482543509e-07
-1.1048252629738404e-07
-9.5449828800271854e-08
-8.3127435087249876e-08
-7.2896356755505254e-08
-6.4306905407501060e-08
-5.7026754590905959e-08
-5.0804338136805209e-08
-4.5446596443904411e-08
-4.0802789663468659e-08
-3.6754378551766236e-08
-3.3206437748801289e-08
-3.0082051496680477e-08
-2.7319080371030418e-08
-2.4865834093240287e-08
-2.2680003388432187e-08
-2.0726120084843474e-08
-1.8974032314807089e-08
-1.7398556016734525e-08
-1.5978341950336872e-08
-1.4695159623154789e-08
-1.3532894312359032e-08
-1.2478076698636559e-08
-1.1519149018463164e-08
-1.0645545537332084e-08
-9.8483874278370208e-09
-9.1198082116668399e-09
-8.4531066686919142e-09
-7.8419316940032331e-09
-7.2809322080823361e-09
-6.7654442523627718e-09
-6.2912010851885117e-09
-5.8544157869251656e-09
-5.4515404914850314e-09
-5.0797773025802824e-09
-4.7362706589900194e-09
-4.4185901538790219e-09
-4.1245855772192664e-09
-3.8522138260120392e-09
-3.5996711823215152e-09
-3.3654156349697391e-09
-3.1479305296816943e-09
-2.9458113976648516e-09
-2.7578084529676357e-09
-2.5830345502644332e-09
-2.4203285649576018e-09
-2.2687528432503052e-09
-2.1274046421831500e-09
-1.9956160457077840e-09
-1.8727235345729807e-09
-1.7580000865652391e-09
-1.6508132223497476e-09
-1.5506331257592503e-09
-1.4570381750721668e-09
-1.3694910757165517e-09
-1.2876010442802451e-09
-1.2108788892732458e-09
-1.1390994929828120e-09
-1.0718464252273184e-09
-1.0088559099813425e-09
-9.4977950840145660e-10
-8.9431788047156588e-10
-8.4236288179824679e-10
-7.9360014220881629e-10
-7.4784340741055872e-10
-7.0484600234395489e-10
-6.6449564782887298e-10
-6.2654436243357733e-10
-5.9091486178809887e-10
-5.5738533467417653e-10
-5.2585718976819729e-10
-4.9622621575670797e-10
-4.6837564591134513e-10
-4.4214672880826154e-10
-4.1742164760419988e-10
-3.9417678718265152e-10
-3.7233355133678879e-10
-3.5166943625651543e-10
-3.3222826659386312e-10
-3.1393198517791148e-10
-2.9672321715173318e-10
-2.8045156864304863e-10
-2.6507887501817908e-10
-2.5063868163855410e-10
-2.3698702922920894e-10
-2.2415873102519567e-10
-2.1200740676420667e-10
-2.0053919683421463e-10
-1.8968256514115316e-10
-1.7950663268711257e-10
-1.6990348666262571e-10
-1.6078431958559290e-10
-1.5217129764999312e-10
-1.4408864882151552e-10
-1.3638146716488884e-10
-1.2914296695277935e-10
-1.2224776607321477e-10
-1.1582875146200804e-10
-1.0968267319037729e-10
-1.0392210165144623e-10
-9.8473042323884800e-11
-9.3220442443646585e-11
-1.0732986781472750e-05
4.2939190179855579e-06
7.9901879383229201e-07
4.4739496873912768e-07
2.9376668255924260e-07
2.0849417726161059e-07
1.5649827372525485e-07
1.2218046011597938e-07
9.8161317773134444e-08
8.0599032101701555e-08
6.7317887813477679e-08
5.7001937228444627e-08
4.8813261280740814e-08
4.2196116458657561e-08
3.6768185604295762e-08
3.2258060543116728e-08
2.8469482132834364e-08
2.5256627913687551e-08
2.2509194971532684e-08
2.0142212989662665e-08
1.8089873637399388e-08
1.6300037506930914e-08
1.4730692653284625e-08
1.3348221776447239e-08
1.2125163064088672e-08
1.1039058673285214e-08
1.0071003395334886e-08
9.2052821756433568e-09
8.4288031185774300e-09
7.7304608243793867e-09
7.1008795699474413e-09
6.5316408442872201e-09
6.0161156340643576e-09
5.5481914852395486e-09
5.1225934474877955e-09
4.7347546497958124e-09
4.3808526241871869e-09
4.0574636112284516e-09
3.7612575201629244e-09
3.4897145772740326e-09
3.2405539626142652e-09
3.0115329078029328e-09
2.8007724881292609e-09
2.6065477650813753e-09
2.4274862782217319e-09
2.2622045872737284e-09
2.1094563983636700e-09
1.9681747805303605e-09
1.8373375235305834e-09
1.7162221396998887e-09
1.6038985977460621e-09
1.4996705752980140e-09
1.4028110884948751e-09
1.3128311252524049e-09
1.2292643637429134e-09
1.1514910787795773e-09
1.0789772622575961e-09
1.0113918255790832e-09
9.4853401031813729e-10
8.8991499593122980e-10
8.3511399735265380e-10
7.8397887488488848e-10
7.3626169498097257e-10
6.9165966561252965e-10
6.4996160506906091e-10
6.1089419226729151e-10
5.7441159484652921e-10
5.4023725388113675e-10
5.0829109587682316e-10
4.7828918147297838e-10
4.5017307989081917e-10
4.2382704803741077e-10
3.9913722737209093e-10
3.7598396498695604e-10
3.5423946150100813e-10
3.3381020389781874e-10
3.1466311539031484e-10
2.9663678807883083e-10
2.7970379469557399e-10
2.6381471583328133e-10
2.4886776754772648e-10
2.3483522855651228e-10
2.2159698125217942e-10
2.0913383436035974e-10
1.9744608037214622e-10
1.8644926178342867e-10
1.7607668768362009e-10
1.6625114514653019e-10
1.5709570991609930e-10
1.4845072641715856e-10
1.4023966514214637e-10
1.3254202244146922e-10
1.2526362762014624e-10
1.1845717979187414e-10
1.1198282997796014e-10
1.0591066563942252e-10
1.0011693427317703e-10
9.4703879228096156e-11
8.9655425279809164e-11
8.4787721382625777e-11
8.0244820953546916e-11
7.5908036845461488e-11
7.1843423225482403e-11
6.8028937162900578e-11
6.4401523579624363e-11
6.0940944263264784e-11
5.7705798332594814e-11
5.4706111858722504e-11
5.1813137109146503e-11
4.9025555778775228e-11
4.6440450254622489e-11
4.3983542689211231e-11
4.1707428690002265e-11
4.9117441493851983e-06
-1.9922365351795475e-06
-3.5457293912943219e-07
-1.9707117826925466e-07
-1.3016561295940163e-07
-9.2646424481566789e-08
-6.9662513479094395e-08
-5.4457111747921815e-08
-4.3797147890633130e-08
-3.5992903111748093e-08
-3.0084514286444525e-08
-2.5490687524769461e-08
-2.1841488309778395e-08
-1.8890658866601738e-08
-1.6468036497153019e-08
-1.4454238144832262e-08
-1.2761700601269592e-08
-1.1325593307305903e-08
-1.0096785892214688e-08
-9.0379155337115994e-09
-8.1195089920917049e-09
-7.3180299823045067e-09
-6.6151095306073264e-09
-5.9956962135990614e-09
-5.4476840520706949e-09
-4.9607799464313880e-09
-4.5266173058309121e-09
-4.1383001452362446e-09
-3.7899567620373281e-09
-3.4766272613849332e-09
-3.1938843963481989e-09
-2.9384242874672662e-09
-2.7069581801468644e-09
-2.4967438530154735e-09
-2.3055072488875469e-09
-2.1312928820129949e-09
-1.9723573414988067e-09
-1.8268248032092860e-09
-1.6936831314169591e-09
-1.5717228999225795e-09
-1.4596792894087787e-09
-1.3565894567246214e-09
-1.2617414006650661e-09
-1.1744691051681028e-09
-1.0938949264300906e-09
-1.0194830216458521e-09
-9.5073294043262471e-10
-8.8715407201572595e-10
-8.2827595675471894e-10
-7.7375036546895631e-10
-7.2313891364195356e-10
-6.7616551932068346e-10
-6.3259165075893241e-10
-5.9217427775670125e-10
-5.5442964490169898e-10
-5.1931799588625380e-10
-4.8664869805957239e-10
-4.5635276156607600e-10
-4.2798339807725046e-10
-4.0147717941177283e-10
-3.7678470959161505e-10
-3.5382397519145256e-10
-3.3230688301750434e-10
-3.1209348928146242e-10
-2.9332628545356009e-10
-2.7578274236361479e-10
-2.5931755631312963e-10
-2.4388522408951884e-10
-2.2944578401032540e-10
-2.1590959838749040e-10
-2.0326141300612660e-10
-1.9139263335914493e-10
-1.8025246840029056e-10
-1.6978707006452977e-10
-1.5996783275921765e-10
-1.5078837276429376e-10
-1.4207761638789772e-10
-1.3395618082210024e-10
-1.2635180431842950e-10
-1.1921825243544406e-10
-1.1244919294655217e-10
-1.0604676185509219e-10
-1.0012316336831539e-10
-9.4515996166594010e-11
-8.9207478844321785e-11
-8.4235490823488239e-11
-7.9557094369437419e-11
-7.5159298355702990e-11
-7.0990134547552664e-11
-6.7095754550672019e-11
-6.3364845219673735e-11
-5.9885806676864636e-11
-5.6660785998494107e-11
-5.3520947482180249e-11
-5.0595079783942145e-11
-4.7858942151155831e-11
-4.5307225463043419e-11
-4.2837190816765941e-11
-4.0517698609634213e-11
-3.8329585625580048e-11
-3.6240987586703521e-11
-3.4341422170562330e-11
-3.2519113101258985e-11
-3.0748952050391675e-11
-2.9113537341685496e-11
-2.7574764660647466e-11
-2.6149012860515106e-11
-2.4693459723345258e-11
-2.3396509672543927e-11
-2.2172576443823383e-11
-2.1037517347974560e-11
-1.9884699661415432e-11
-1.8854161451978708e-11
