8
6.0000000000000000e+02
2.0000000000000000e+03
80
9.8080000000000001e-01
9.9998100000000001e-01
2.4692880336455274e+00
-1.2295821901089559e+00
-2.1000675738985658e-01
-8.8384645456190652e-02
-5.0028932393936236e-02
-3.2703920059426086e-02
-2.3167331135853026e-02
-1.7265685150111152e-02
-1.3326548552703153e-02
-1.0555047676110412e-02
-8.5276035297314496e-03
-6.9991543495346257e-03
-5.8189054469345563e-03
-4.8894996935655655e-03
-4.1456000185880644e-03
-3.5419333709907647e-03
-3.0462727401807310e-03
-2.6351430651967672e-03
-2.2911000318328579e-03
-2.0009528879362478e-03
-1.7545729446210678e-03
-1.5440761004783415e-03
-1.3632503644289335e-03
-1.2071475383246824e-03
-1.0717871554731945e-03
-9.5393857514058716e-04
-8.5095842089880970e-04
-7.6066780021440974e-04
-6.8125850614341441e-04
-6.1122061475472108e-04
-5.4928606072563596e-04
-4.9438426730908161e-04
-4.4560697157361938e-04
-4.0218012473718421e-04
-3.6344128084325918e-04
-3.2882128505682469e-04
-2.9782934891721532e-04
-2.7004081395137568e-04
-2.4508706854823453e-04
-2.2264719169446767e-04
-2.0244099767235041e-04
-1.8422321892416223e-04
-1.6777861992650061e-04
-1.5291787762569784e-04
-1.3947409246292306e-04
-1.2729982569883609e-04
-1.1626457154936294e-04
-1.0625259718816243e-04
-9.7161087438848276e-05
-8.8898548702197856e-05
-8.1383433445017322e-05
-7.4542946656752518e-05
-6.8312013187169231e-05
-6.2632378428583777e-05
-5.7451824827925073e-05
-5.2723488454231553e-05
-4.8405257682821351e-05
-4.4459249956477766e-05
-4.0851349358077873e-05
-3.7550798022992975e-05
-3.4529840407132131e-05
-3.1763404969323985e-05
-2.9228822607963367e-05
-2.6905580462292518e-05
-2.4775099770771017e-05
-2.2820539327311162e-05
-2.1026622075974610e-05
-1.9379479131173137e-05
-1.7866509635628296e-05
-1.6476258924558771e-05
-1.5198305543881994e-05
-1.4023162256456886e-05
-1.2942186801862320e-05
-1.1947503343640699e-05
-1.1031927438310413e-05
-1.0188904350449144e-05
-9.4124494133823467e-06
-8.6970952318741832e-06
-8.0378452659114563e-06
-7.4301304178072986e-06
3.6645068456197288e-01
-2.5969616531001238e-01
-4.1866520381175290e-02
-1.4712474235644859e-02
-7.1460811973329836e-03
-4.2284632085524080e-03
-2.8167407439141333e-03
-2.0164346719073506e-03
-1.5118316661147557e-03
-1.1702559249178405e-03
-9.2741030621479737e-04
-7.4848206308970574e-04
-6.1299399821971657e-04
-5.0813774499954142e-04
-4.2552028735948829e-04
-3.5943788947598863e-04
-3.0589821862865080e-04
-2.6203706550651288e-04
-2.2575583346350417e-04
-1.9548852063769139e-04
-1.7004763335579971e-04
-1.4851979290323564e-04
-1.3019347495451332e-04
-1.1450803344502684e-04
-1.0101713946080132e-04
-8.9362135341507359e-05
-7.9252352254330949e-05
-7.0450391736293948e-05
-6.2760974968429208e-05
-5.6022415430318726e-05
-5.0100037156600562e-05
-4.4881031557506045e-05
-4.0270419687676287e-05
-3.6187852745753931e-05
-3.2565053227951436e-05
-2.9343761294455712e-05
-2.6474071701197752e-05
-2.3913081105794227e-05
-2.1623781045056463e-05
-1.9574144406069214e-05
-1.7736373489879650e-05
-1.6086273212076154e-05
-1.4602727761281821e-05
-1.3267263082229277e-05
-1.2063677802841698e-05
-1.0977733121909402e-05
-9.9968858665403360e-06
-9.1100667560029108e-06
-8.3074886083334030e-06
-7.5804802307291549e-06
-6.9213485424055638e-06
-6.3232547048191275e-06
-5.7801116196332468e-06
-5.2864924212151934e-06
-4.8375511232652288e-06
-4.4289574141611584e-06
-4.0568331841163975e-06
-3.7177037747725507e-06
-3.4084522370015042e-06
-3.1262756662995994e-06
-2.8686562756044682e-06
-2.6333269283733303e-06
-2.4182427179001616e-06
-2.2215619563760268e-06
-2.0416210510428708e-06
-1.8769150426752129e-06
-1.7260848528307235e-06
-1.5879003507818941e-06
-1.4612457707772111e-06
-1.3451107164772458e-06
-1.2385789322459425e-06
-1.1408178605588411e-06
-1.0510708072890035e-06
-9.6865154690134251e-07
-8.9293381317972367e-07
-8.2334914937497080e-07
-7.5937990665095323e-07
-7.0055264782766594e-07
-6.4643788123866916e-07
-5.9664242383135519e-07
-3.3521191155352313e-02
2.3652257994821915e-02
3.2847297949475289e-03
1.1396348029871631e-03
6.0721297353588644e-04
3.9539634946709649e-04
2.8055960671738276e-04
2.0816654011190653e-04
1.5916932286735077e-04
1.2460034682599554e-04
9.9447165939757837e-05
8.0667266701995834e-05
6.6330154125995316e-05
5.5171790709405630e-05
4.6341660178456053e-05
3.9252865958623591e-05
3.3490826257230820e-05
2.8756325232358671e-05
2.4829173022003208e-05
2.1544482222185457e-05
1.8776836500917543e-05
1.6429494955355077e-05
1.4426894406720777e-05
1.2709347314157096e-05
1.1229217964713327e-05
9.9481361693425460e-06
8.8349398943638735e-06
7.8641183893260572e-06
7.0146431968199382e-06
6.2690708874356636e-06
5.6128404163440359e-06
5.0337343375954338e-06
4.5214461251889027e-06
4.0672412156794796e-06
3.6636860952166988e-06
3.3044257109698624e-06
2.9840093715577106e-06
2.6977427164534514e-06
2.4415706683244987e-06
2.2119793189404754e-06
2.0059135026745328e-06
1.8207115810677717e-06
1.6540470786617416e-06
1.5038817621669320e-06
1.3684265236682654e-06
1.2461060767133282e-06
1.1355321617692718e-06
1.0354777496631376e-06
9.4485626768468163e-07
8.6270588275126017e-07
7.8816996287920539e-07
7.2048721923374238e-07
6.5897983025249465e-07
6.0304222591829929e-07
5.5213403401756786e-07
5.0577032954816471e-07
4.6351846509825397e-07
4.2498943983922042e-07
3.8983229649509013e-07
3.5773516772810462e-07
3.2841431554047716e-07
3.0161452438622507e-07
2.7710766120584130e-07
2.5468524209958885e-07
2.3415981461895730e-07
2.1536312287916762e-07
1.9814084834517808e-07
1.8235474206069672e-07
1.6787880958713922e-07
1.5459907325452810e-07
1.4241098318390312e-07
1.3122154773715634e-07
1.2094504319281098e-07
1.1150283521824503e-07
1.0282490808447763e-07
9.4846827069218047e-08
8.7508692428650050e-08
8.0758363673286989e-08
7.4545634416971576e-08
6.8826936789645662e-08
5.2690085629498234e-03
-3.6537987170356312e-03
-4.7981272453694463e-04
-1.7858502344729541e-04
-1.0238130858981209e-04
-6.8395110886360354e-05
-4.8581043765205125e-05
-3.5867610490547289e-05
-2.7312097585742088e-05
-2.1336576785677963e-05
-1.7022241725511448e-05
-1.3815103383535144e-05
-1.1370987063324547e-05
-9.4690707120956539e-06
-7.9629586298223695e-06
-6.7525591898824885e-06
-5.7675092961205126e-06
-4.9571300193004147e-06
-4.2841426832995881e-06
-3.7206197420446804e-06
-3.2452979252296591e-06
-2.8417575459498044e-06
-2.4971619984808703e-06
-2.2013560443571019e-06
-1.9462265284618542e-06
-1.7252346149104071e-06
-1.5330590375583270e-06
-1.3653441466627399e-06
-1.2184946176878821e-06
-1.0895233408207816e-06
-9.7593793512680752e-07
-8.7564327052127157e-07
-7.8687082586392128e-07
-7.0812132786778082e-07
-6.3811724894706581e-07
-5.7576709524704205e-07
-5.2013130313566784e-07
-4.7040242654491661e-07
-4.2588232465313039e-07
-3.8596426439724030e-07
-3.5012220265676797e-07
-3.1789628231962928e-07
-2.8888487691791963e-07
-2.6273573643560774e-07
-2.3913935916507419e-07
-2.1782432518459410e-07
-1.9854954579100135e-07
-1.8110242193004926e-07
-1.6529569364655443e-07
-1.5096162754046356e-07
-1.3795237279100592e-07
-1.2613592271156461e-07
-1.1539441962662131e-07
-1.0562335904928458e-07
-9.6727853731214996e-08
-8.8624635033035755e-08
-8.1237967893231939e-08
-7.4500131133689272e-08
-6.8351626129629574e-08
-6.2735933658475229e-08
-5.7604875041852125e-08
-5.2914696247426321e-08
-4.8623641262986591e-08
-4.4697270274148652e-08
-4.1102824053049148e-08
-3.7809718250208485e-08
-3.4792115096309411e-08
-3.2025596088138174e-08
-2.9488258941720896e-08
-2.7159565464055004e-08
-2.5022652262218686e-08
-2.3060215955706191e-08
-2.1257358442920991e-08
-1.9601018118055201e-08
-1.8078057920324657e-08
-1.6677700050410460e-08
-1.5389871213094930e-08
-1.4204373600709995e-08
-1.3113676796620094e-08
-1.2109290374669764e-08
-1.0062489657010568e-03
6.8543952549160751e-04
8.8644324815591714e-05
3.5258369737474429e-05
2.0851862899146302e-05
1.3922266572949832e-05
9.8254789419018088e-06
7.2260944295853770e-06
5.4973435239938740e-06
4.2975511213951800e-06
3.4328653628586586e-06
2.7897107526602293e-06
2.2988596131189256e-06
1.9162973964024402e-06
1.6129227557620661e-06
1.3688185137496467e-06
1.1699557554115199e-06
1.0062077812792663e-06
8.7011224016360534e-07
7.5606958752294263e-07
6.5981136490577378e-07
5.7804028707616980e-07
5.0817107054994529e-07
4.4816169304877677e-07
3.9637857590406148e-07
3.5150026603757211e-07
3.1245731925546307e-07
2.7836928343471363e-07
2.4850883661262844e-07
2.2227358110574641e-07
1.9915929999791320e-07
1.7874234853354319e-07
1.6066475242913033e-07
1.4462272917329975e-07
1.3035816282178360e-07
1.1764881443219825e-07
1.0630496437533434e-07
9.6162909574968347e-08
8.7080222770260469e-08
7.8934942843851875e-08
7.1618878034472741e-08
6.5039496420771429e-08
5.9115002042139649e-08
5.3773829599517305e-08
4.8953390435489066e-08
4.4597674088110857e-08
4.0658237372521099e-08
3.7091406825664690e-08
3.3858966859978954e-08
3.0927826825633958e-08
2.8267041543495886e-08
2.5849459181892702e-08
2.3651605535357823e-08
2.1651668804882527e-08
1.9831081679697343e-08
1.8171898379229041e-08
1.6659542194442482e-08
1.5280335580003487e-08
1.4020474377276538e-08
1.2870207225759961e-08
1.1819315048004849e-08
1.0857547827474703e-08
9.9787525762851488e-09
9.1740425917855906e-09
8.4369651498491051e-09
7.7618372362603535e-09
7.1430908841976680e-09
6.5756711543655804e-09
6.0553606906512886e-09
5.5781601173351382e-09
5.1393981991693834e-09
4.7367624751584130e-09
4.3671221545665932e-09
4.0268010262107311e-09
3.7145327274849209e-09
3.4271675932953905e-09
3.1626609784147511e-09
2.9193277149052071e-09
2.6953661726869838e-09
2.4891294332817285e-09
2.1277818466682453e-04
-1.4257095142178122e-04
-1.8498646652070810e-05
-7.7353195474244873e-06
-4.6250177484664087e-06
-3.0713568089383414e-06
-2.1581381601311767e-06
-1.5856335629097400e-06
-1.2073003686987941e-06
-9.4503923626401845e-07
-7.5580416699173699e-07
-6.1481080609088361e-07
-5.0704181745906152e-07
-4.2295042335129819e-07
-3.5620334099099289e-07
-3.0245593919468016e-07
-2.5864151617318455e-07
-2.2254209084236454e-07
-1.9252161380584545e-07
-1.6735312787825266e-07
-1.4610091020498849e-07
-1.2803698707818241e-07
-1.1259697982888790e-07
-9.9330899541533080e-08
-8.7877568967771653e-08
-7.7949496512116005e-08
-6.9309110819288334e-08
-6.1762404339237334e-08
-5.5150330142986434e-08
-4.9338565155460522e-08
-4.4217078713616043e-08
-3.9692357036082936e-08
-3.5684867357350348e-08
-3.2127689850688813e-08
-2.8963793672693967e-08
-2.6144812864384020e-08
-2.3627853620039295e-08
-2.1376727568433285e-08
-1.9361036776462465e-08
-1.7552277551837104e-08
-1.5927758262781617e-08
-1.4466572891963781e-08
-1.3150782351086130e-08
-1.1964267727786166e-08
-1.0892829018470030e-08
-9.9250535111320478e-09
-9.0492930836878259e-09
-8.2562706200325507e-09
-7.5378412213627236e-09
-6.8860414470377128e-09
-6.2942931346479736e-09
-5.7564191582412236e-09
-5.2673669857007923e-09
-4.8227924179236510e-09
-4.4175619513183898e-09
-4.0485447518286639e-09
-3.7119993665291542e-09
-3.4044911459587670e-09
-3.1244885991818586e-09
-2.8684682648769686e-09
-2.6340229071119120e-09
-2.4205595375976179e-09
-2.2243213023680452e-09
-2.0449496308953703e-09
-1.8810855196489818e-09
-1.7307341751817994e-09
-1.5926957942278563e-09
-1.4665587329049908e-09
-1.3507335629430243e-09
-1.2438139439128578e-09
-1.1463214023358347e-09
-1.0567160466721370e-09
-9.7401848393646709e-10
-8.9857877072216395e-10
-8.2876526791490147e-10
-7.6456310179882196e-10
-7.0584352327604476e-10
-6.5145019322829741e-10
-6.0151686472674564e-10
-5.5568247653681912e-10
-4.7909795192772562e-05
3.1627095578869093e-05
4.1526472793520937e-06
1.7999566664701243e-06
1.0787852155459468e-06
7.1276562821643049e-07
4.9978090319754093e-07
3.6736046986391541e-07
2.8004648682232032e-07
2.1946209422723134e-07
1.7567427791543773e-07
1.4300148867943699e-07
1.1800363971130696e-07
9.8482491110635250e-08
8.2977912658614705e-08
7.0486985595106250e-08
6.0299326328852966e-08
5.1900740543979778e-08
4.4913998116205072e-08
3.9055035739357374e-08
3.4104329527448212e-08
2.9896012895232023e-08
2.6297400064278361e-08
2.3203721531651275e-08
2.0533748358017794e-08
1.8217370832631474e-08
1.6200916565633650e-08
1.4440355204980593e-08
1.2896167261092937e-08
1.1539184726395874e-08
1.0343115123779532e-08
9.2863935564166883e-09
8.3499068042452071e-09
7.5184221634306665e-09
6.7794207905223093e-09
6.1201498228442049e-09
5.5317334290349466e-09
5.0052842574090894e-09
4.5336574870177108e-09
4.1108376707564281e-09
3.7307525295399921e-09
3.3888707336095724e-09
3.0810911847539621e-09
2.8030324707211708e-09
2.5524890831728400e-09
2.3258976167073254e-09
2.1210020191130621e-09
1.9353542883722953e-09
1.7667589247757034e-09
1.6142243453779389e-09
1.4756018429766215e-09
1.3497702833474909e-09
1.2352823409282205e-09
1.1309979445726539e-09
1.0361998245861350e-09
9.4943746128044027e-10
8.7034126568435409e-10
7.9896762788756846e-10
7.3296108392535403e-10
6.7286966463864701e-10
6.1832641194340295e-10
5.6762330565285187e-10
5.2172705783484477e-10
4.8015366502949926e-10
4.4146081237315505e-10
4.0613895840588640e-10
3.7392546234553288e-10
3.4417179723290943e-10
3.1683928845411509e-10
2.9228948911047813e-10
2.6912250954161353e-10
2.4790926543131902e-10
2.2902834779390711e-10
2.1081834489001587e-10
1.9446150997949468e-10
1.7984790551395051e-10
1.6555714754417140e-10
1.5301378544787351e-10
1.4121661816223080e-10
1.3032643929446267e-10
1.1256944324488379e-05
-7.3320422906996731e-06
-9.7789303196897458e-07
-4.3487625540267381e-07
-2.6035897077954857e-07
-1.7137025237886735e-07
-1.2008160490016353e-07
-8.8347356016974631e-08
-6.7424432463656003e-08
-5.2885340592347341e-08
-4.2360881276943692e-08
-3.4501049893044165e-08
-2.8483071428811280e-08
-2.3780549457397422e-08
-2.0044207589544140e-08
-1.7033087178775557e-08
-1.4575296019185268e-08
-1.2548887142056571e-08
-1.0863008379685462e-08
-9.4476396088104005e-09
-8.2525787339559801e-09
-7.2355382062465581e-09
-6.3651779064221855e-09
-5.6187215068118326e-09
-4.9723612815086785e-09
-4.4120469355255488e-09
-3.9248046945187276e-09
-3.4984333110796253e-09
-3.1250946496077371e-09
-2.7963547626511654e-09
-2.5070430785250143e-09
-2.2511467839394702e-09
-2.0243770309344351e-09
-1.8231286210411927e-09
-1.6438040279114761e-09
-1.4845038433632785e-09
-1.3415597128739297e-09
-1.2140363958133641e-09
-1.1000652435101306e-09
-9.9744080570128371e-10
-9.0524760037095795e-10
-8.2234983873357187e-10
-7.4747557123275296e-10
-6.8049579230997356e-10
-6.1952262984383500e-10
-5.6468703576773297e-10
-5.1505715649175460e-10
-4.6953756566798766e-10
-4.2881552546917058e-10
-3.9197399684683732e-10
-3.5858191080706725e-10
-3.2786402811826275e-10
-2.9999011451174807e-10
-2.7476242221020873e-10
-2.5145663106811569e-10
-2.3056863763285523e-10
-2.1175409527098257e-10
-1.9381359804873903e-10
-1.7816958174437766e-10
-1.6356196494806587e-10
-1.4998389942424526e-10
-1.3801234483575339e-10
-1.2705506774434424e-10
-1.1644513124452452e-10
-1.0735399027905045e-10
-9.8745098408377823e-11
-9.0593886729657235e-11
-8.3676386444065744e-11
-7.7394893423147633e-11
-7.0897688549339012e-11
-6.5312505946042793e-11
-6.0542689096451043e-11
-5.5344819976477675e-11
-5.1377330056346901e-11
-4.7428095560771280e-11
-4.3413119986686631e-11
-4.0426579215940623e-11
-3.7097464409101962e-11
-3.4311743909156887e-11
-3.1891630228083477e-11
