6
6.0000000000000000e+02
2.0000000000000000e+03
3
9.9900000000000000e-01
9.9960000000000004e-01
2.3791342818478898e+02
2.2129546756357527e-01
-2.0204218334249180e-02
8.9647417420964800e+01
2.1275326533182398e-01
-9.7685421844691846e-03
-4.3448292628112952e+00
1.3185893048292053e-02
3.3778043454489618e-03
5.5966984977483047e-01
-4.2585569530311854e-03
-1.6385715267958938e-04
-9.4518192840062909e-02
7.4413484521391256e-04
-1.1336483352393598e-04
1.8270571117744883e-02
-7.6571511152817660e-05
5.0010147413244254e-05
