14
2.0000000000000000e+00
2.0000000000000000e+01
8
9.0600000000000003e-01
9.8699999999999999e-01
6.1019940352739752e+00
1.7193947278253657e-01
-3.7042984898879132e-02
-4.4499628382115176e-03
2.8980619980123554e-04
3.7239473948135382e-04
1.4355564244027992e-04
3.7947726386782356e-05
5.2883769516176713e+00
2.2832122486548551e-01
-4.2769878003891273e-02
-7.8703418901620668e-03
-1.5480567609324437e-04
4.7041938732637044e-04
2.2914709088642785e-04
7.1956266280176755e-05
-3.1131372052048079e-01
5.0230526605485951e-02
-1.1695857810448379e-03
-3.5882933687831214e-03
-8.9337869897159795e-04
-2.3561600483931588e-05
8.2057484047446511e-05
4.6606249869256349e-05
6.1280952850856262e-03
-8.0509322645957969e-03
4.0450049718747383e-03
4.2418853310561904e-04
-3.4598824687644136e-04
-1.7136667858347462e-04
-3.5028978028714579e-05
4.2106955335929959e-06
1.8909871380167337e-02
-5.8237952580561547e-04
-9.0167439772117206e-04
4.1946957059735474e-04
1.6921469651184939e-04
-7.5689328564449475e-06
-2.7594068236105264e-05
-1.2841569718487852e-05
-1.2879301657278186e-02
8.7344201262173817e-04
-1.0876212323521981e-04
-2.0112326884479109e-04
1.7606274849908214e-05
3.7816293220538797e-05
1.1748824439867026e-05
-5.9189015902576588e-07
6.7384263788905444e-03
-3.5499014819034814e-04
1.6898894516326080e-04
2.4856230841007920e-05
-3.8640974960541319e-05
-1.1954945810390405e-05
3.0561294208014196e-06
3.5704004793953080e-06
-3.2264814814023869e-03
8.7088584333189315e-05
-7.8608583418147726e-05
2.0182986804491474e-05
1.6322378590524067e-05
-2.4792287034588212e-06
-4.1526433577995232e-06
-1.2536201180214893e-06
1.4801541858506758e-03
-3.4486774450088734e-06
2.2129558941801593e-05
-1.6553002824607761e-05
-1.9625652005773415e-06
3.9811916752308737e-06
1.4720403153716716e-06
-3.0595186426515408e-07
-6.6108319168127038e-04
-1.0940980269995382e-05
-1.6209453746985126e-06
7.1685010055870381e-06
-2.0050701053042720e-06
-1.9311719981045003e-06
1.0643256856672625e-07
5.0232694211538552e-07
2.8898158013194216e-04
8.0724594786713278e-06
-2.7221058992640838e-06
-1.8640035922118984e-06
1.7720292917574901e-06
4.1766145585912305e-07
-4.2043731932005594e-07
-2.4290735800337119e-07
-1.2364517849069792e-04
-3.9242380814682805e-06
2.2749122974507584e-06
-3.5988113033471398e-08
-8.6091295375381693e-07
1.3202086967663034e-07
2.6829468194885283e-07
3.8874824852047170e-08
5.1600934431242270e-05
1.4785894847588230e-06
-1.2011194914888667e-06
3.9948571316382168e-07
2.7212718097446517e-07
-1.9126129908672594e-07
-9.6718612278810771e-08
3.3281252978751950e-08
-2.0852515801190492e-05
-4.0694059981004764e-07
4.8995719909127090e-07
-3.0387211092004921e-07
-2.6464472982026093e-08
1.1724437969488898e-07
9.8736817874823311e-09
-3.4877624708407200e-08
