7
2.0000000000000000e+01
8.0000000000000000e+01
3
9.8499999999999999e-01
9.9600000000000000e-01
2.3597936833512598e+01
7.4227081604265360e-02
-1.7093051722966358e-02
1.1405750670315729e+01
9.4076936191631530e-02
-1.8656528002796251e-02
-6.3727325228046361e-01
1.9634551534240326e-02
-9.8050737785517731e-04
8.8745539045454319e-02
-1.6622630341357788e-03
1.0284254296950342e-03
-1.6051080244121996e-02
-2.6308612656096065e-04
-1.4417524903181131e-04
3.3206364395827453e-03
1.3184490137530777e-04
-2.0824809066968473e-05
-7.4224820498136439e-04
-2.9002423103574506e-05
1.6238656598025214e-05
