15
2.9999999999999999e-01
2.0000000000000000e+00
9
6.6600000000000004e-01
9.0800000000000003e-01
1.9422226846121016e-01
7.1870760636503338e-03
-2.4456412881143337e-03
2.0359719369034970e-04
5.9349757825854360e-05
1.6645928122856732e-06
-1.9583152494484863e-06
-5.9235277576099922e-07
-8.2934327916169181e-08
2.6628206525701631e-01
1.1253261834981577e-02
-3.6989847697360906e-03
2.4492191972082857e-04
9.8283347463206381e-05
5.8885295620879202e-06
-2.7958386133524226e-06
-1.0319489721558642e-06
-1.7466270648288882e-07
6.9838035204632498e-02
5.1065325619523930e-03
-1.4517827383316254e-03
-9.2478130981313270e-06
4.8932487727618599e-05
8.4185348378295841e-06
-4.9255700426172995e-07
-5.9497625075038485e-07
-1.6232185025295305e-07
-5.7488437689722739e-03
9.8239093547942621e-04
-1.2124606766463099e-04
-7.2803585627987809e-05
5.3122240474806508e-06
5.2474826753265059e-06
8.8565489005552777e-07
-8.6228011916339999e-08
-8.7310848935037577e-08
-2.2644092458211926e-03
-1.1439061361035615e-04
9.0589389676437978e-05
-1.5966105710494966e-05
-7.0020430176484356e-06
3.3560797102602204e-07
6.0654616004113571e-07
1.4385850941380432e-07
5.2141128439076100e-10
1.0685009484415363e-03
-4.3487580421408512e-05
3.9398723778866735e-06
8.4131858294360173e-06
-1.3822365972525363e-06
-9.2584079267517181e-07
-5.7909287594446208e-08
6.5274920992255722e-08
2.5600090659728598e-08
-2.0871100804084169e-04
1.4645848999982082e-05
-8.5454625559585241e-06
8.2371393494684391e-07
1.1329344328507884e-06
-3.9744345471936830e-08
-1.2576122362752822e-07
-2.7652924462163042e-08
3.5204782732079662e-09
-1.4420034128612020e-05
-7.6012341946384458e-08
1.6778653097791266e-06
-1.2117773767963148e-06
-6.7979724208157555e-09
1.6519317331678512e-07
2.4847574271994669e-08
-1.2622981280622918e-08
-6.3408821087500960e-09
3.0324012458978419e-05
-1.3018818252803675e-06
3.7583679594161797e-07
2.5500973236851406e-07
-1.6662759672953838e-07
-3.3316164417261921e-08
1.8945614794348238e-08
8.2176114801074294e-09
1.0736980245936221e-10
-1.4559532122888092e-05
4.7756255157844440e-07
-3.2217462611014333e-07
6.6723985917143963e-08
5.7316096920254882e-08
-1.7529674452639810e-08
-1.0313834966035364e-08
4.2089894975813858e-10
1.4297303047430221e-09
4.4626419710207398e-06
-5.3265491198359369e-08
8.7045507968697725e-08
-6.0904166361234188e-08
2.7929132438305059e-09
1.2257228648381291e-08
1.5204262231259429e-10
-1.8417545213877864e-09
-4.8748641120563319e-10
-7.3675755131545238e-07
-3.1383905439005170e-08
7.9667970408605477e-10
1.7938695282272712e-08
-9.9798253160487759e-09
-2.2363004754792717e-09
1.8618126160719586e-09
6.5211517277584216e-10
-1.2687831334668882e-10
-1.5804357417114136e-07
2.1511510482169121e-08
-1.1551086268979656e-08
-8.1620187760616700e-11
4.2923101071390990e-09
-1.0379312052816908e-09
-8.7852954230840992e-10
7.8545138042787572e-11
1.6136863060842006e-10
2.0698790626737109e-07
-6.9459419732693627e-09
5.7890317310545340e-09
-2.5194879657267666e-09
-6.1506126066425144e-10
8.9714220411666961e-10
9.0252032891358773e-11
-1.6800368392026224e-10
-5.0326930586418697e-11
-1.1374503935387877e-07
8.7492023110448878e-10
-1.5210568251199610e-09
1.3616494351586621e-09
-3.4595994744690052e-10
-2.9748310565134080e-10
1.1366257380027739e-10
7.1806220099689052e-11
-8.1279405348356893e-12
