9
8.0000000000000000e+01
6.0000000000000000e+02
4
9.9500000000000000e-01
9.9929999999999997e-01
9.2782631145464563e+01
4.3636195672185241e-01
-6.1373642440621178e-02
-1.3167985494474413e-02
5.3015628537329214e+01
5.0579784842276054e-01
-4.9488357679556852e-02
-1.8195697001446874e-02
-4.0404120782752813e+00
5.1070784455458068e-02
1.4097937059256264e-02
-1.7677896170255844e-03
8.1848503430329633e-01
-1.8894314165874483e-02
1.8612036830715009e-03
2.2510327186682525e-03
-2.1752182325123359e-01
4.0674793466768545e-03
-1.9556818914946397e-03
-5.0869113731802785e-04
6.6204269389459461e-02
-4.5026683392974405e-04
7.3548539586716665e-04
-6.4660624652073293e-05
-2.1902513329792386e-02
-1.3528830984606743e-04
-1.7522074724200760e-04
1.0561802860039705e-04
7.6734758329103786e-03
1.2657127147396870e-04
1.3008866664113801e-05
-5.3508573240529348e-05
-2.8034360871459912e-03
-6.3121790305135835e-05
1.4882179512810606e-05
1.8325824808572013e-05
