7
6.0000000000000000e+02
2.0000000000000000e+03
16
0.0000000000000000e+00
1.6000000000000000e-01
4.6352678842199779e+00
-5.1407322075749544e+00
8.5892292063664033e-01
6.2123551375246677e-01
-4.3823180607451029e-01
3.7986827816453766e-02
9.3186321782981946e-02
-5.4278037986516377e-02
3.4708311209119260e-03
1.1243780566451969e-02
-6.0467540623706552e-03
1.0664874480326289e-04
1.4217411401371278e-03
-6.9535537587031701e-04
-2.2051817771417351e-05
1.8132370612583147e-04
-5.6040006820303301e-01
-1.2159281032039421e-01
5.6034648179264401e-01
-1.3651986095241780e-01
-1.8053029429416453e-01
1.3749733351028409e-01
1.6466800673818225e-03
-4.8638262336950372e-02
2.2706805830425482e-02
4.2259395004379825e-03
-8.5073912353961587e-03
2.5933931196778504e-03
1.1962581473927048e-03
-1.2254891361341042e-03
2.2207995122029570e-04
2.2112762359773429e-04
1.0088241461417014e-01
6.2148318578162887e-02
-8.6735406086312528e-02
-2.0339537985866196e-02
4.2641113471131094e-02
-1.8531379715383818e-03
-1.7423533087952213e-02
6.3779790055821057e-03
4.5492158006846372e-03
-4.0116923823984869e-03
-1.1241007434113447e-04
1.4105481932367601e-03
-5.1549776456454629e-04
-2.4154711831879204e-04
2.5449540429219595e-04
-3.0826531104689666e-05
-2.1672927086018180e-02
-1.8241547350057619e-02
1.4394221815357513e-02
9.1968353455621106e-03
-6.7414734001265322e-03
-3.4332159807075255e-03
3.4353192318415980e-03
8.1296750892464738e-04
-1.5800018273394007e-03
6.3491503752689945e-05
5.8644866317656493e-04
-1.9090049524520062e-04
-1.5218076622028787e-04
1.1446183375188676e-04
1.3651062378434700e-05
-4.2187949564764771e-05
5.0215967863919738e-03
4.9994336839934879e-03
-2.4056557487317732e-03
-2.6587182385378540e-03
8.2724873004738392e-04
1.2011156320021975e-03
-3.9870660954809134e-04
-4.8418271304452012e-04
2.1942148507076695e-04
1.6481914563570328e-04
-1.1441673436824668e-04
-4.0832505070382278e-05
5.1524432147052792e-05
2.6652183017782171e-06
-1.8951080814192349e-05
4.1808754389873720e-06
-1.2134873797967939e-03
-1.3479798206049943e-03
3.7773313690613080e-04
6.8908219486609314e-04
-3.5026141971736999e-05
-3.0821347805727432e-04
-4.6125334638515462e-06
1.3172494650416790e-04
-9.1213852769821235e-07
-5.3728294924009623e-05
5.0908449477380149e-06
2.0330198420777269e-05
-4.8084278224660603e-06
-6.7814816212293565e-06
3.0043343492619642e-06
1.8120296052920378e-06
3.0114302369079555e-04
3.6197020517526879e-04
-4.8161829333995645e-05
-1.7030448017001746e-04
-2.5434836190148869e-05
6.9128706073183271e-05
2.0946089489306860e-05
-2.7381642126169332e-05
-1.0202655846339710e-05
1.1017709921836259e-05
3.8907124547796967e-06
-4.5032257591339289e-06
-1.1575630555578015e-06
1.8131286997729109e-06
2.0624476776818914e-07
-6.8876146595707666e-07
