14
0.0000000000000000e+00
2.0000000000000000e+00
16
0.0000000000000000e+00
1.6100000000000001e+00
4.0555999718537308e+00
-5.4479163244404454e+00
1.1808240798612983e+00
5.9461046152884722e-01
-4.5157530582990946e-01
7.3802554118428593e-02
5.8595124618860656e-02
-5.0603506673590939e-02
1.2999645071088990e-02
7.0924655381607981e-03
-7.0617718642196833e-03
1.4542405434505921e-03
1.1654919912619265e-03
-9.0865007620392685e-04
1.1846602828707669e-04
1.7605912394378417e-04
-5.5502874145614411e-01
1.1110565397250709e-01
7.8223758006563915e-01
-2.7001592565818611e-01
-2.7318429098551811e-01
2.0072527443943672e-01
1.0262260992795539e-02
-6.5251121116567667e-02
2.7948108852706537e-02
4.7166148562707315e-03
-1.0096750056576467e-02
3.4704158577301913e-03
1.1773467382367622e-03
-1.4788062528091673e-03
3.5220062745780966e-04
2.3051208568055563e-04
1.5686244124925419e-01
3.6311838198837300e-02
-2.2874362656392305e-01
-3.3441161360653324e-02
1.1779933437146999e-01
3.2004102971032004e-03
-4.6854833575780394e-02
9.1400929274198621e-03
1.3194640830836289e-02
-7.0743623918212047e-03
-1.6149757371327349e-03
2.7554354457860648e-03
-5.9639022995165529e-04
-5.6769345020897121e-04
4.0178893657695199e-04
-5.1420896902666383e-06
-6.0389219969168621e-02
-3.1071778235054213e-02
7.8286103626959563e-02
3.9814600123043234e-02
-3.4762964657509013e-02
-2.1766039869698807e-02
1.4148478162090514e-02
7.7429255918771717e-03
-5.8172295722686449e-03
-1.7317627309747434e-03
2.2151673916459137e-03
2.2842621409616129e-05
-6.8320478896901921e-04
1.9326224241475768e-04
1.4126739573285362e-04
-1.0304179768998665e-04
2.6962001681310788e-02
1.9658819510023781e-02
-2.8903067301120789e-02
-2.4400561338532214e-02
7.6796132301541042e-03
1.3486033975512769e-02
-1.1364626471525965e-03
-5.4616569862680191e-03
2.2179968318002376e-04
1.8931860966156021e-03
-1.9899791438497132e-04
-5.8011919044648815e-04
1.4812028750368927e-04
1.4779599580491448e-04
-7.5553294477735734e-05
-2.5106227640189528e-05
-1.3135861263665120e-02
-1.1843854415603067e-02
1.0898273794761952e-02
1.3253649636618729e-02
5.1327495915065293e-08
-6.3881468532197023e-03
-1.7619328580507146e-03
2.2144769346552277e-03
9.8673875546436210e-04
-6.9423689881080626e-04
-3.5955809766100271e-04
2.2572724532811541e-04
1.0090061077505137e-04
-7.7046313705342486e-05
-2.0525389933106594e-05
2.5583206928982923e-05
6.7744016436994212e-03
7.0727166666691042e-03
-3.9915987149473434e-03
-6.8786953099822029e-03
-1.5808853181054211e-03
2.6055320989434409e-03
1.6585008620413940e-03
-5.6368488280083250e-04
-7.6425610077003668e-04
6.3425217517126310e-05
2.6787887772534725e-04
1.3485830062385313e-06
-8.3781286988187693e-05
-2.2849195924879217e-07
2.4807563104750262e-05
-1.7519348067715633e-06
-3.6335290372188946e-03
-4.2261012942535984e-03
1.3110816958435622e-03
3.4777534805504997e-03
1.4650754862459026e-03
-8.9390426577828051e-04
-1.0446630057737627e-03
-2.9377104743454138e-05
3.8972415682431410e-04
1.1092784662999277e-04
-1.1052740900911966e-04
-5.3659982776664352e-05
2.8707694990681695e-05
1.8381960587545693e-05
-7.8917769996873076e-06
-5.3041830308633727e-06
2.0042591482981710e-03
2.5319871573050287e-03
-2.9972999281374017e-04
-1.7201108436752876e-03
-1.0272733246836187e-03
2.0694049329819729e-04
5.5630670198472806e-04
1.6239111676094953e-04
-1.5090082418654603e-04
-1.0742624207092487e-04
2.2704179385506786e-05
4.0321340363003389e-05
3.9927585830612962e-09
-1.2300050185098069e-05
-1.1947787023574572e-06
3.4857535811525835e-06
-1.1283559537639109e-03
-1.5210762919481841e-03
-4.8067302408234290e-05
8.3035121487288869e-04
6.4357275554262653e-04
2.8632868972478209e-05
-2.6362915322628304e-04
-1.4361817195524736e-04
3.7783107451025739e-05
6.6258408081750224e-05
8.7547774632128726e-06
-1.9347522572926723e-05
-7.3163280081487200e-06
4.5000817004614504e-06
2.8622276628423621e-06
-9.6628563710542199e-07
6.4488256620800675e-04
9.1571143017559506e-04
1.3891271437218162e-04
-3.8826347651731239e-04
-3.7865167162842717e-04
-8.4715265191932153e-05
1.1079956836315387e-04
9.5206385775904165e-05
4.2818451718471802e-06
-3.2495940671161055e-05
-1.3779378261968936e-05
6.1424277959034267e-06
6.1189583787999021e-06
-3.8672118254872362e-07
-1.8950526406476509e-06
-2.0583942268155497e-07
-3.7271377420232860e-04
-5.5207184451089969e-04
-1.3780549638045113e-04
1.7322497591833985e-04
2.1350602492883891e-04
7.9109223956598849e-05
-3.8749025034916310e-05
-5.4763905638130546e-05
-1.4462704555677719e-05
1.2819786522265872e-05
1.0396187325070059e-05
-3.1104281633413772e-07
-3.3954578043199749e-06
-8.8778281244078484e-07
7.8566440652297625e-07
4.2413307367317107e-07
2.1721564079377789e-04
3.3312049854346244e-04
1.1012720400064720e-04
-7.1500892147822364e-05
-1.1639538443180525e-04
-5.8417664835260215e-05
8.2529630647473637e-06
2.8483780145195080e-05
1.3170738822254174e-05
-3.4170258543271919e-06
-6.0951773935833653e-06
-1.4157751005143751e-06
1.4019622796495463e-06
8.9670799076476212e-07
-1.5450276379737991e-07
-2.9836378382914201e-07
-1.2738030561355743e-04
-2.0107640493477152e-04
-8.0100955709662690e-05
2.5280169912764927e-05
6.1527087053055325e-05
3.8721456580493042e-05
2.7204515774749666e-06
-1.3475461782075730e-05
-9.1965552297097817e-06
-2.6408789937045365e-07
3.0064784120801996e-06
1.4491913481890391e-06
-3.5692350850272132e-07
-5.7429749734549847e-07
-8.3286286495253680e-08
1.4137681059157806e-07
