8
2.0000000000000000e+01
8.0000000000000000e+01
16
0.0000000000000000e+00
4.7999999999999998e-01
4.5653308942334387e+00
-5.1528515379875985e+00
9.1766711546224444e-01
5.9443344566198397e-01
-4.4944408620830123e-01
5.5115395445644505e-02
8.7551436951470399e-02
-5.7288558907509293e-02
7.0811922735332690e-03
1.0363443901575209e-02
-6.7837893692466091e-03
7.5527516588370187e-04
1.3323131988665108e-03
-8.4800487824203711e-04
7.7473588970977452e-05
1.7813339507502513e-04
-6.0338038338452049e-01
-1.1081306908891164e-01
6.1494794706235134e-01
-1.6450737162651430e-01
-1.9297501238498760e-01
1.5670797745678924e-01
-3.6175201103251604e-03
-5.3015827359726986e-02
2.7016683701753301e-02
3.2815851854116978e-03
-9.3878854626303042e-03
3.3843819836492563e-03
1.0466124258148887e-03
-1.3973052480916231e-03
3.6032321910335602e-04
2.0292648889457560e-04
1.2053388627289258e-01
6.9973386404607013e-02
-1.0848643908874014e-01
-2.1819654716752616e-02
5.3559552808475519e-02
-4.1333588210151258e-03
-2.1544881313593851e-02
8.7172019120764898e-03
5.3158120854258093e-03
-5.1811094388316270e-03
9.0995591938387906e-05
1.7255988895269630e-03
-7.2181753481090653e-04
-2.5042209164297780e-04
3.2412630222069128e-04
-6.0657768836792109e-05
-2.8914078413642783e-02
-2.3277519024543641e-02
2.0775497416188442e-02
1.2116556545358589e-02
-9.9502181613292922e-03
-4.4869705656236571e-03
5.0410214323291496e-03
9.7061372204088970e-04
-2.2759438723273383e-03
1.7520499739352526e-04
8.1932124771876111e-04
-3.0195322416926051e-04
-1.9875903356056336e-04
1.6859054452311912e-04
9.8237312480541241e-06
-5.8483231291499505e-05
7.5127482442009837e-03
7.2028152700614320e-03
-4.0806195941487594e-03
-4.0601892316470822e-03
1.4981822306327471e-03
1.8781329430057141e-03
-7.1888086491714970e-04
-7.5821151951227734e-04
3.8292192141156059e-04
2.5257884020879110e-04
-1.9350328403097298e-04
-5.8180198586968825e-05
8.4557810007187785e-05
6.4625394624181888e-07
-2.9955462629836556e-05
8.0457502052972491e-06
-2.0428476830988969e-03
-2.1951347822981603e-03
7.7956330098876325e-04
1.2131156766810136e-03
-1.2011952057608972e-04
-5.6278325120763919e-04
1.4479283226678148e-05
2.4335116513972036e-04
-1.0548605742899418e-05
-9.8832360394820098e-05
1.2818380371540356e-05
3.6821457751345203e-05
-1.0113375958254338e-05
-1.1930751350030760e-05
5.9077405343313102e-06
3.0000359043330918e-06
5.7205309657397060e-04
6.6752089395605372e-04
-1.3363169586012733e-04
-3.4563015319917728e-04
-3.5941226347838476e-05
1.4717768284899893e-04
3.7954375077015965e-05
-5.9399325995278249e-05
-1.9375422711406609e-05
2.3913154199255239e-05
7.3704206669337403e-06
-9.6808051061712661e-06
-2.0858975266361560e-06
3.8365592151092730e-06
2.8604464776110850e-07
-1.4257651031216082e-06
-1.6348568900384020e-04
-2.0324780232068037e-04
1.5997442217771454e-05
9.5799246405872806e-05
2.6406503313486467e-05
-3.4990547097429983e-05
-1.9194361206823779e-05
1.1666003020256386e-05
9.4492734636252936e-06
-3.9639978307177847e-06
-3.9565765554083412e-06
1.4942416305651449e-06
1.4932814247739324e-06
-6.2794214027974441e-07
-5.0965810087486371e-07
2.7558993850818523e-07
