10
8.0000000000000000e+01
6.0000000000000000e+02
18
0.0000000000000000e+00
3.1000000000000000e-01
4.1772050422933535e+00
-5.1210755978488685e+00
1.3300946607923099e+00
3.7626465859468161e-01
-5.1648464749915624e-01
1.9473667831461491e-01
2.6079010140659435e-02
-7.3721180358272326e-02
4.1735295916161708e-02
-6.2897235322163896e-03
-8.3147344183497583e-03
7.4646237428740245e-03
-2.3617733521671871e-03
-7.8433267873566272e-04
1.2533620293434461e-03
-5.6594622612136361e-04
-2.7176774568436150e-05
1.9266019004794167e-04
-7.9225150980225811e-01
-5.2646715637331212e-03
8.1209709337696179e-01
-3.7815024010344744e-01
-1.5866665139304689e-01
2.5517089258729292e-01
-9.3133994391999222e-02
-3.8942449772571226e-02
5.8597267940706306e-02
-2.3822548863919296e-02
-4.4604832709371827e-03
1.0571494176127440e-02
-5.2111305029010242e-03
-1.0698180081424366e-04
1.7344199208024634e-03
-1.0629733182216028e-03
1.2099316133157833e-04
2.5959569802654406e-04
2.2773059195379111e-01
9.1721339305909491e-02
-2.2733661380444148e-01
8.6365292530690974e-03
1.0390230372670996e-01
-4.4789583339518865e-02
-2.6738726687364281e-02
3.1779355355511144e-02
-4.5601915703906417e-03
-1.0400842596749067e-02
7.2834703840464034e-03
-5.1259015774246077e-05
-2.6393355205000255e-03
1.5138601558095286e-03
5.4067574851793997e-05
-5.5230847371732150e-04
3.0586937581761711e-04
3.9884489425835732e-06
-7.8332946000635867e-02
-4.9504177374000181e-02
6.8305749494776691e-02
1.8219690162644804e-02
-3.5558813542606343e-02
2.5410472184361234e-04
1.6232993413322044e-02
-5.5292886726898607e-03
-5.0238980994583441e-03
4.3001451165627161e-03
2.6766020098113085e-04
-1.8306366857923334e-03
7.3100689105677543e-04
3.4933379426565602e-04
-4.4237490083278135e-04
9.4551732104077431e-05
1.1005542770458723e-04
-9.1128314948040398e-05
2.9092332682146789e-02
2.2989531898604056e-02
-2.1388767416846081e-02
-1.1580582325773655e-02
1.0812776305923054e-02
4.0162701582413269e-03
-5.7426116808607895e-03
-5.2859692190411998e-04
2.6735807001911000e-03
-5.5023537643709270e-04
-9.4644678680926389e-04
5.5042187371799698e-04
1.7725951653485000e-04
-2.8421095127582896e-04
4.7197807589929123e-05
8.7242926900652331e-05
-5.5776705164287127e-05
-6.5972647823825682e-06
-1.1279438271942374e-02
-1.0261813296101589e-02
6.8076951476290053e-03
5.6280475243924485e-03
-3.0068512082976444e-03
-2.5267694110239786e-03
1.6211410762461808e-03
9.3106006961494493e-04
-8.8030524359970688e-04
-2.2337431580620389e-04
4.2613437100256965e-04
-1.9442240663528021e-05
-1.6760669142275119e-04
5.9929229382389861e-05
4.5672665416207709e-05
-3.9138286640985169e-05
-2.8150681856962027e-06
1.5697136767174970e-05
4.4957391761114452e-03
4.5191237890932793e-03
-2.1581865293261544e-03
-2.5063511519740614e-03
7.1953618497538766e-04
1.1988666722318789e-03
-3.4546261169620329e-04
-5.2406191509673985e-04
2.0409483057825677e-04
2.0100339555923145e-04
-1.1998147178472594e-04
-6.0680277646171172e-05
6.2535445717258115e-05
9.0722417282993312e-06
-2.7174295709984502e-05
4.3277588403798063e-06
9.0918083936181233e-06
-4.6119619391437340e-06
-1.8267748080807921e-03
-1.9806120807430872e-03
6.6645578295552847e-04
1.0717458998985745e-03
-1.1110940585330075e-04
-5.0773239484413514e-04
2.1916011307343352e-05
2.2925776452046258e-04
-1.6863277249893756e-05
-9.8394663596249586e-05
1.7231347193228968e-05
3.8854971833797130e-05
-1.3341875615028583e-05
-1.3207422469586242e-05
8.0990703412847242e-06
3.2889732955812577e-06
-3.9696115399228912e-06
-1.7033533257449105e-07
7.5286689984089617e-04
8.6681586476251599e-04
-1.9371806946448658e-04
-4.4780135466130743e-04
-2.0744886247999206e-05
2.0131928461779766e-04
3.2988685686099673e-05
-8.7890241069067974e-05
-1.6825161253856895e-05
3.8209352538542276e-05
5.3459350538245238e-06
-1.6380352342837495e-05
-4.2217866277869576e-07
6.6871417939698055e-06
-9.0381883009316689e-07
-2.4666209692359050e-06
8.5736018704891122e-07
7.5426306044432549e-07
-3.1363941120977088e-04
-3.7934621675953743e-04
4.9187559587397763e-05
1.8422606271234384e-04
3.2591663557624985e-05
-7.6006555135707386e-05
-2.7599803593537075e-05
3.0416235840929876e-05
1.4414128115216442e-05
-1.2532143959573416e-05
-6.1204622310383333e-06
5.4067789380437256e-06
2.1806835794142059e-06
-2.3805506179066188e-06
-5.9773394705495774e-07
1.0212156737462890e-06
6.8719015630098621e-08
-4.0597801709805311e-07
