11
2.0000000000000000e+00
2.0000000000000000e+01
19
0.0000000000000000e+00
1.0200000000000000e+00
3.8765362702347939e+00
-5.1946386535192293e+00
1.5368090094628517e+00
2.6760801066021117e-01
-5.2660116261428958e-01
2.5044349085417705e-01
-1.0254164725741303e-02
-6.8806807758644034e-02
5.1934737474117337e-02
-1.5641113348142326e-02
-5.3325447170727534e-03
8.8002953248862686e-03
-4.4149680819539974e-03
1.7902031681825935e-04
1.3205113040141861e-03
-9.5809186657016328e-04
2.2025359378721960e-04
1.6083327354666143e-04
-1.7816428571754530e-04
-6.8037364708807835e-01
1.6005479740900647e-01
7.7781832684207430e-01
-4.5913858740029567e-01
-1.0003815121822492e-01
2.6603353562577958e-01
-1.3197847362928899e-01
-1.8531190304599821e-02
6.2547495292353206e-02
-3.5425090997183231e-02
2.0614801604431562e-03
1.0642098108914869e-02
-7.8191557370204112e-03
1.6820198145104542e-03
1.4844258948375428e-03
-1.5583369340106570e-03
5.5134913205203968e-04
1.4689126558065682e-04
-2.7878182332647598e-04
1.9543358826857393e-01
2.7538696036203791e-02
-2.4272404426529856e-01
4.4346412416302931e-02
1.0486636899377300e-01
-6.6014192299571325e-02
-1.7933009461722639e-02
3.8709139477669463e-02
-1.2406803584243264e-02
-9.3706323162912608e-03
1.0177694898552624e-02
-2.2055619844987273e-03
-2.5354087733915247e-03
2.3316813092102325e-03
-5.0645456945630865e-04
-5.1646890311953420e-04
5.0069004984285817e-04
-1.3568807506327154e-04
-8.6578811258940881e-05
-6.9097299172252963e-02
-2.5228877123903381e-02
8.2508313797665073e-02
6.6644033868198931e-03
-4.3461879873102127e-02
8.6965541381159046e-03
1.8286622203193728e-02
-1.0681642024861878e-02
-4.1541154427145654e-03
6.3813206378490568e-03
-1.0347727452373675e-03
-2.1284667823294485e-03
1.4305936874152900e-03
1.1030332086466179e-04
-5.9896232795760170e-04
2.7749456295843013e-04
6.8118895272914980e-05
-1.3847854149795930e-04
5.4431577727124354e-05
2.6804704230712829e-02
1.4026913502385385e-02
-2.9809412194592037e-02
-8.7236983169161723e-03
1.6176104614027114e-02
1.8909161412583890e-03
-8.4065283124413782e-03
1.1597848321829533e-03
3.5793751690675708e-03
-1.6178197386101467e-03
-1.0076553145679781e-03
1.0411668266293863e-03
1.0616069194732583e-05
-4.1851821634197829e-04
1.7504540857797747e-04
8.1591880797114415e-05
-1.0380223096110855e-04
1.9774907080319759e-05
2.8192950181628627e-05
-1.0973935786226558e-02
-7.0799053924723793e-03
1.1202948776927455e-02
5.3952892893063716e-03
-5.7733367063334835e-03
-2.4402178987207148e-03
3.1541629291107365e-03
7.1045293667500403e-04
-1.6113562518692501e-03
2.8336811327986881e-05
6.9975808654145313e-04
-2.0527826984590756e-04
-2.2775874585511400e-04
1.5770002125651606e-04
3.4829166422249016e-05
-7.4277705541483507e-05
1.5868557922767940e-05
2.1455761189586596e-05
-1.5106265427131811e-05
4.6564773505242754e-03
3.4662860055414023e-03
-4.3194596257330594e-03
-2.8576670749124095e-03
1.9806527381116168e-03
1.5319437007590728e-03
-1.0321678675450949e-03
-6.7586380477139261e-04
5.5786204724159009e-04
2.2958040570244625e-04
-2.8612877708044618e-04
-4.0245015771122491e-05
1.2899230123952690e-04
-1.6951430381242188e-05
-4.6822762413296307e-05
2.1035031239236883e-05
1.1192259475567650e-05
-1.1919184659628775e-05
1.7127015163256245e-07
-2.0274429782865932e-03
-1.6795209459073586e-03
1.6922776825090233e-03
1.4248715076498216e-03
-6.3972979226155856e-04
-8.0310532675969366e-04
2.8178307835521958e-04
3.9205500219559829e-04
-1.4723932353163743e-04
-1.6808707728672789e-04
8.3377846030022960e-05
6.0709810366233641e-05
-4.5377144736094511e-05
-1.5951856375265145e-05
2.1863330216384805e-05
8.7591927976942684e-07
-8.7557487326161394e-06
2.2262951352050269e-06
2.6242055305247578e-06
9.0020838334512604e-04
8.1150711526245967e-04
-6.6871417490514922e-04
-6.8961724293335595e-04
1.8420134344260351e-04
3.8756922759444680e-04
-4.8021336760717165e-05
-1.9144969001499989e-04
1.7977747423470196e-05
8.7019586762211953e-05
-1.2373066480437185e-05
-3.6483674795739613e-05
9.4218650388433720e-06
1.3677576324343990e-05
-6.1570516847653311e-06
-4.2263967813516135e-06
3.3419300278401439e-06
8.2199328462195122e-07
-1.4906184734950541e-06
-4.0591259951082225e-04
-3.9224496136465610e-04
2.6482017065572363e-04
3.2814125973675121e-04
-3.9534101455970461e-05
-1.7808854570585230e-04
-1.0932929809226366e-05
8.4814938208891346e-05
1.1762317859288722e-05
-3.8113964188514836e-05
-5.2208290990447494e-06
1.6600663268709870e-05
1.0984184096378447e-06
-6.9553717152799032e-06
4.1780816538906057e-07
2.7093475742107473e-06
-6.3612652685018117e-07
-9.2456741680908690e-07
4.4522479392103370e-07
1.8532197909090732e-04
1.8991012967555827e-04
-1.0443934614815308e-04
-1.5444986721860704e-04
-5.9128083374452204e-07
7.9047658541730686e-05
1.8015571933232022e-05
-3.4933611902754932e-05
-1.2837499324546816e-05
1.4725766734479200e-05
6.3456513237301735e-06
-6.2609906746040672e-06
-2.5322217007597331e-06
2.7151944516783139e-06
8.0626575251895917e-07
-1.1698326498261415e-06
-1.6229922043737866e-07
4.7943574489769725e-07
-2.2707589882564218e-08
