12
8.0000000000000000e+01
6.0000000000000000e+02
4
1.0000000000000000e+00
1.5500000000000000e+00
1.2278063815633522e+00
4.7691995611737854e-04
-1.9167835118405859e-04
4.8947576762198931e-05
-3.7902941506955423e-01
-4.4201962691451724e-04
1.7750503675898033e-04
-4.5255372149050088e-05
1.1595118483251350e-01
2.0483718718999395e-04
-8.2190111197644081e-05
2.0920874939755259e-05
-4.1344579936173353e-02
-9.4924265488492926e-05
3.8056577751111482e-05
-9.6714217092645861e-06
1.5799794901081299e-02
4.3989283067265085e-05
-1.7621431302734388e-05
4.4709683200252301e-06
-6.2827726530899223e-03
-2.0385328968055530e-05
8.1593192462196777e-06
-2.0668724682174826e-06
2.5638433203830952e-03
9.4469098527419228e-06
-3.7780523862551900e-06
9.5549100825713103e-07
-1.0654894064375635e-03
-4.3778716959246834e-06
1.7493767063903167e-06
-4.4171320845679809e-07
4.4884311276047537e-04
2.0287919074157868e-06
-8.1002799245051457e-07
2.0419967489103903e-07
-1.9107128523021275e-04
-9.4018474334539732e-07
3.7507494004851398e-07
-9.4399698328599511e-08
8.2021782839819600e-05
4.3570256949723229e-07
-1.7367504212735947e-07
4.3640235787778802e-08
-3.5451144848353394e-05
-2.0191485601225765e-07
8.0418900266893367e-08
-2.0174580557611681e-08
