8
6.0000000000000000e+02
2.0000000000000000e+03
3
9.0000000000000002e-01
1.4500000000000000e+00
7.5150844566280639e-01
1.7755216916637767e-04
-6.7462392913012197e-05
-1.4624406541329771e-01
-1.0367615181515068e-04
3.9382680420442588e-05
2.8354153418683425e-02
3.0269263420973769e-05
-1.1495262879556205e-05
-6.4107863056788745e-03
-8.8374084932058786e-06
3.3553099587789326e-06
1.5530870410770440e-03
2.5801686865080677e-06
-9.7936930160284374e-07
-3.9136953029993713e-04
-7.5330589129944683e-07
2.8586463473598684e-07
1.0117062686191930e-04
2.1993518903541769e-07
-8.3440035016980449e-08
-2.6624792516319234e-05
-6.4212291836341661e-08
2.4355027650388479e-08
