8
2.0000000000000000e+01
8.0000000000000000e+01
40
0.0000000000000000e+00
9.8999999999999999e-01
1.8999619231269360e-01
2.5232445800346481e-01
1.0375723877149988e-01
6.7713574527037870e-02
4.3445341807684307e-02
2.8684092312217472e-02
1.9427883836583962e-02
1.3446898018465558e-02
9.5008117695847029e-03
6.8276615775752555e-03
4.9727614525084379e-03
3.6594458394651535e-03
2.7150282460683640e-03
2.0280240144847517e-03
1.5238723027882915e-03
1.1512350356354952e-03
8.7403454036184987e-04
6.6658867698855394e-04
5.1046380832525597e-04
3.9234384144692328e-04
3.0254864305402315e-04
2.3399302359834994e-04
1.8145357504290385e-04
1.4105190100550431e-04
1.0988921609752042e-04
8.5786254221024516e-05
6.7096413499225172e-05
5.2570132361070543e-05
4.1255500468675288e-05
3.2424827746701233e-05
2.5520037361767735e-05
2.0111846945364448e-05
1.5869119487965000e-05
1.2535760218832537e-05
9.9132331324170474e-06
7.8472821766518071e-06
6.2178090118114336e-06
4.9311312039458596e-06
3.9140429188670367e-06
3.1092444951306827e-06
-3.1030243614370012e-02
-3.6699627424007231e-02
-8.4825315671183382e-03
-3.8934431572846106e-03
-1.3831735580688424e-03
-2.7823133433369570e-04
1.7265571491962867e-04
3.2332531606056694e-04
3.3799195124293587e-04
2.9941583741987892e-04
2.4616933611547255e-04
1.9478938197884434e-04
1.5110189753523862e-04
1.1609461752316279e-04
8.8857133548236563e-05
6.7954646108064735e-05
5.1998924354748268e-05
3.9833543826293944e-05
3.0553675619970075e-05
2.3468671798780284e-05
1.8054676071786208e-05
1.3913834763040762e-05
1.0743224270794300e-05
8.3119705456858184e-06
6.4442576792328237e-06
5.0064295828509598e-06
3.8970303321714281e-06
3.0390806484096031e-06
2.3741215869816206e-06
1.8576686334752694e-06
1.4557787576462089e-06
1.1424742468048702e-06
8.9781559844719649e-07
7.0645672163307831e-07
5.5655922331505866e-07
4.3897078481833108e-07
3.4660155741675093e-07
2.7394917940509258e-07
2.1673524629988509e-07
1.7162756136286653e-07
5.8980647780729339e-03
6.5848197431179895e-03
9.2632549621615061e-04
2.4782593377458296e-04
-5.6650105908897044e-05
-1.4228917048439513e-04
-1.4680747283097635e-04
-1.2517274645172758e-04
-9.8086006240267345e-05
-7.3489234875965710e-05
-5.3676030255464345e-05
-3.8683908477847816e-05
-2.7751363395408463e-05
-1.9949359584118430e-05
-1.4437354826883115e-05
-1.0546236365636045e-05
-7.7819316750827032e-06
-5.7969030688162772e-06
-4.3536999354098960e-06
-3.2919890716504724e-06
-2.5031164695075228e-06
-1.9123290262537414e-06
-1.4671267111016564e-06
-1.1298938915610377e-06
-8.7325923343350415e-07
-6.7710218647508769e-07
-5.2654063590403750e-07
-4.1051933819756189e-07
-3.2079233854278683e-07
-2.5117914328598253e-07
-1.9702130643015930e-07
-1.5478681602214424e-07
-1.2178202156759219e-07
-9.5942457879741114e-08
-7.5678741713275658e-08
-5.9763472420405410e-08
-4.7245801048497485e-08
-3.7387376046752238e-08
-2.9613785644148682e-08
-2.3477085906187855e-08
-1.3734475924185251e-03
-1.4784428222554605e-03
-1.2376691512006383e-04
-1.9241976498031026e-07
4.3308170526428034e-05
4.6294648882205794e-05
3.8243573803806004e-05
2.8908083800908987e-05
2.0967052092974104e-05
1.4893913140035036e-05
1.0471042320705764e-05
7.3377839561917540e-06
5.1569177044524956e-06
3.6550824296233159e-06
2.6243208970275496e-06
1.9134585286409438e-06
1.4169515713320525e-06
1.0637236594877695e-06
8.0722484071966659e-07
6.1740608631616305e-07
4.7480676299013075e-07
3.6654631157419895e-07
2.8379604772707709e-07
2.2027069094253894e-07
1.7135416643392736e-07
1.3358842040334008e-07
1.0435713938340085e-07
8.1673617155277373e-08
6.4027315441815336e-08
5.0268143233915732e-08
3.9518153050080634e-08
3.1104560089555343e-08
2.4509683213940866e-08
1.9333524354105237e-08
1.5265974648202945e-08
1.2065909204381478e-08
9.5455868809572259e-09
7.5584887871173841e-09
5.9901494701083263e-09
4.7511024364421212e-09
3.5092391415872252e-04
3.6801030367377590e-04
1.5856467590258260e-05
-8.7827990108235977e-06
-1.4766786454656160e-05
-1.2713277640480510e-05
-9.4060495761542774e-06
-6.6213567053506850e-06
-4.5956060332766349e-06
-3.1892448046114411e-06
-2.2237687704760060e-06
-1.5607441672366012e-06
-1.1046296930055699e-06
-7.9056158107942562e-07
-5.7374959076897463e-07
-4.2296700321242434e-07
-3.1663458562914246e-07
-2.4017490322793033e-07
-1.8399233402547236e-07
-1.4188374376372903e-07
-1.0984274790429901e-07
-8.5225781185828478e-08
-6.6216422564641861e-08
-5.1506020047069837e-08
-4.0113645861580990e-08
-3.1286215985510822e-08
-2.4440203985059025e-08
-1.9123471506644267e-08
-1.4987104164104243e-08
-1.1762825711558939e-08
-9.2447801707735224e-09
-7.2748674421793561e-09
-5.7313360568988614e-09
-4.5202665277242088e-09
-3.5688434217554160e-09
-2.8205337614103977e-09
-2.2313162390559474e-09
-1.7668367545533928e-09
-1.4003034346763233e-09
-1.1107131607331602e-09
-9.4586189166110095e-05
-9.7221528187933586e-05
-1.1617876123845451e-06
3.9620737665646784e-06
4.5095061183490404e-06
3.4261423585821126e-06
2.3405652184436105e-06
1.5607346615633637e-06
1.0525564598930698e-06
7.2593156259525869e-07
5.1117303649219019e-07
3.6530354448457623e-07
2.6371842342535266e-07
1.9207145949081443e-07
1.4128410143584486e-07
1.0512994276610246e-07
7.9177408529453236e-08
6.0289883609182937e-08
4.6305000011672753e-08
3.5771332956785888e-08
2.7726970591071334e-08
2.1528102373655170e-08
1.6729662382761897e-08
1.3009961890733034e-08
1.0126731479742759e-08
7.8925627517311620e-09
6.1609811993054466e-09
4.8176518537336215e-09
3.7738661767939690e-09
2.9611878183366721e-09
2.3270697921788959e-09
1.8312767564829277e-09
1.4429143561351906e-09
1.1382165191311194e-09
8.9882316096950946e-10
7.1051792701831377e-10
5.6223043759733369e-10
4.4529138363874799e-10
3.5298458022149445e-10
2.8005103529903762e-10
2.6399506675616372e-05
2.6701928060445666e-05
-3.4777560062649959e-07
-1.4264987022895468e-06
-1.3419430951633276e-06
-9.3091595888707815e-07
-5.9514629635228232e-07
-3.7885976016020159e-07
-2.5039446529748856e-07
-1.7349903631025793e-07
-1.2472129027563870e-07
-9.1476838001683465e-08
-6.7618492012612600e-08
-5.0121973946554241e-08
-3.7268275766816947e-08
-2.7869755067608197e-08
-2.1011191403236510e-08
-1.5982733819819131e-08
-1.2255803970719865e-08
-9.4549730633372714e-09
-7.3224122883105483e-09
-5.6828715244650725e-09
-4.4152867432147133e-09
-3.4330624317321088e-09
-2.6717719088145681e-09
-2.0819120847461056e-09
-1.6248649154754804e-09
-1.2704555453556447e-09
-9.9522267961157640e-10
-7.8103817366553770e-10
-6.1394681544588541e-10
-4.8329716521580911e-10
-3.8093904163171394e-10
-3.0058686268234155e-10
-2.3743470877305811e-10
-1.8775466875089771e-10
-1.4862664847520057e-10
-1.1776505410897949e-10
-9.3386310418639549e-11
-7.4123788225945794e-11
-7.5520602291605294e-06
-7.5377266195276193e-06
2.5391730036827059e-07
4.7772800833621083e-07
3.9792728797472462e-07
2.5659564705886868e-07
1.5464606841851281e-07
9.4311724541121025e-08
6.1373380008023154e-08
4.3019226127862848e-08
3.1763132665959048e-08
2.3979769532237543e-08
1.8145896784009725e-08
1.3660333794803137e-08
1.0237333056881232e-08
7.6705574266010491e-09
5.7727423305752627e-09
4.3766193402545174e-09
3.3450311237012792e-09
2.5744386900171634e-09
1.9912472688641811e-09
1.5448690481864789e-09
1.2005906810853344e-09
9.3397290679476215e-10
7.2723034923510473e-10
5.6689678856058863e-10
4.4258307653490340e-10
3.4614385823331420e-10
2.7121517408236929e-10
2.1290759734520986e-10
1.6741327201939213e-10
1.3183321300133250e-10
1.0393957755689793e-10
8.2047121319733537e-11
6.4852313293539178e-11
5.1320969444957196e-11
4.0660740655078564e-11
3.2238717682041951e-11
2.5562747561005555e-11
2.0265834381221660e-11
