8
6.0000000000000000e+02
2.0000000000000000e+03
45
0.0000000000000000e+00
9.8999999999999999e-01
7.6155265658991028e-02
1.0699873912337415e-01
5.2987651025078804e-02
3.7570308153439348e-02
2.6427946342542460e-02
1.9011365144501094e-02
1.3924048801548679e-02
1.0337872982167500e-02
7.7631249771910509e-03
5.8788726914135976e-03
4.4793720767793239e-03
3.4287038569082492e-03
2.6340709284539566e-03
2.0299629046812897e-03
1.5688578649609498e-03
1.2156773767353492e-03
9.4427879859361788e-04
7.3507987969964562e-04
5.7336147279422986e-04
4.4802073297604676e-04
3.5064838654133606e-04
2.7484699001641030e-04
2.1572845614819289e-04
1.6954335792193395e-04
1.3340612025849005e-04
1.0508980837263609e-04
8.2871702273818186e-05
6.5416315956413050e-05
5.1686334938732476e-05
4.0874562900716228e-05
3.2351780626338800e-05
2.5626701828442017e-05
2.0315150411123224e-05
1.6116281609365221e-05
1.2794194703396814e-05
1.0163685209270224e-05
8.0791811196267717e-06
6.4261362551702842e-06
5.1143245952358333e-06
4.0726062801793564e-06
3.2448376022013551e-06
2.5866704673339930e-06
2.0630442725200237e-06
1.6462185100315545e-06
1.3142273520134743e-06
-1.3795197016036063e-02
-1.8837321955350546e-02
-8.4988059607192593e-03
-5.7228711684187885e-03
-3.7814646776516475e-03
-2.5471806834353313e-03
-1.7429421163125359e-03
-1.2067364242943439e-03
-8.4423448973922803e-04
-5.9494393022291195e-04
-4.2112687766357871e-04
-2.9872495416177541e-04
-2.1200518434722387e-04
-1.5037820445869661e-04
-1.0653189535075205e-04
-7.5329616415130199e-05
-5.3130281908953099e-05
-3.7344308639064203e-05
-2.6128798351018016e-05
-1.8172074618040423e-05
-1.2539909443045758e-05
-8.5659790787786362e-06
-5.7742340905996997e-06
-3.8240781603038112e-06
-2.4716455943864302e-06
-1.5423542200822289e-06
-9.1135024020220454e-07
-4.8950537246599553e-07
-2.1335396169303326e-07
-3.7847158365876952e-08
6.8866994944830718e-08
1.2920142842338390e-07
1.5883347351208621e-07
1.6864725689613750e-07
1.6612769985102960e-07
1.5635958651490703e-07
1.4274183453401481e-07
1.2749777636733323e-07
1.1203798408990680e-07
9.7216831453383780e-08
8.3513810063740859e-08
7.1160512844920911e-08
6.0228584829566628e-08
5.0690335764593782e-08
4.2460147587268597e-08
2.5574955868317029e-03
3.4264303625385949e-03
1.4445100950823693e-03
9.3526610034949838e-04
5.8746930524245877e-04
3.7378333923084468e-04
2.3998167771704996e-04
1.5472740783568310e-04
1.0001313845010314e-04
6.4486657048210360e-05
4.1217496725876870e-05
2.5910749413040963e-05
1.5854363878761142e-05
9.2946023911974296e-06
5.0713467129425148e-06
2.4052486789300981e-06
7.6920729334581631e-07
-1.9306689621115593e-07
-7.2111034625867943e-07
-9.7469009846396572e-07
-1.0593845228106213e-06
-1.0442322291035320e-06
-9.7380422847641557e-07
-8.7638679791835180e-07
-7.6949207320161220e-07
-6.6355633507333546e-07
-5.6441859734261166e-07
-4.7497964756439941e-07
-3.9630839393611411e-07
-3.2837440071377624e-07
-2.7052707725278201e-07
-2.2180334093909524e-07
-1.8112010603622867e-07
-1.4739017734571682e-07
-1.1958807269406041e-07
-9.6783656328099825e-08
-7.8155511220834037e-08
-6.2992156073940321e-08
-5.0686280260258309e-08
-4.0725262395648633e-08
-3.2680295644117976e-08
-2.6195463617062724e-08
-2.0977136371644163e-08
-1.6784192744048301e-08
-1.3419512453664823e-08
-5.5925762993987616e-04
-7.3826683895634126e-04
-2.9420003189457400e-04
-1.8419565131324296e-04
-1.1053526236826420e-04
-6.6575902075036744e-05
-3.9995011056654357e-05
-2.3747813928111052e-05
-1.3834781626826034e-05
-7.7724790197188438e-06
-4.0737873641832236e-06
-1.8403140398610033e-06
-5.2278194861940941e-07
2.2066413919599098e-07
6.0671089092515645e-07
7.7431556613355970e-07
8.1276099311592740e-07
7.7893227724825726e-07
7.0842360658934482e-07
6.2289802035940118e-07
5.3502182833164320e-07
4.5176018992625913e-07
3.7654897508396718e-07
3.1070188901653717e-07
2.5430617674145739e-07
2.0678294386306343e-07
1.6723144070320265e-07
1.3463542114572718e-07
1.0798242290735015e-07
8.6328570806533463e-08
6.8829382105234880e-08
5.4750233959632659e-08
4.3464852046723533e-08
3.4447295339873349e-08
2.7261182042148472e-08
2.1547724325107981e-08
1.7014042432126447e-08
1.3422566992849356e-08
1.0581543307658860e-08
8.3369348058675192e-09
6.5654038011885362e-09
5.1684460935710351e-09
4.0676891754784175e-09
3.2008422300533082e-09
2.5184881602679140e-09
1.3190567478038357e-04
1.7200536592810000e-04
6.5250678282154564e-05
3.9640757827197371e-05
2.2787087367680714e-05
1.2987862301179833e-05
7.2502804448534853e-06
3.8806573836962772e-06
1.9283796691088440e-06
8.1139199428287612e-07
1.8736024017157402e-07
-1.4562023596730094e-07
-3.0719828190954563e-07
-3.6902625206186567e-07
-3.7451611561810163e-07
-3.5009640315940400e-07
-3.1173518438952256e-07
-2.6884583915978601e-07
-2.2671814570241483e-07
-1.8807689524373419e-07
-1.5409282726869818e-07
-1.2503413171268953e-07
-1.0067797298640881e-07
-8.0562800596582081e-08
-6.4137279414487255e-08
-5.0843913649116384e-08
-4.0162635439465621e-08
-3.1630700289537763e-08
-2.4848889501076595e-08
-1.9480195534820506e-08
-1.5244702993463774e-08
-1.1912784050109096e-08
-9.2980035337273525e-09
-7.2502195579471064e-09
-5.6492273294556190e-09
-4.3993132032213697e-09
-3.4246066847814008e-09
-2.6652257608389944e-09
-2.0740603580082166e-09
-1.6140979194150914e-09
-1.2563571060821588e-09
-9.7818107853796538e-10
-7.6188345724193082e-10
-5.9369553039084084e-10
-4.6288796864624530e-10
-3.2502516333984068e-05
-4.1939559781555886e-05
-1.5219579680645727e-05
-8.9929965494789321e-06
-4.9592481306530368e-06
-2.6695868009661006e-06
-1.3692215392605537e-06
-6.3513023836188356e-07
-2.3247449638081899e-07
-1.9351538445492497e-08
8.6284229268193703e-08
1.3171521398854030e-07
1.4410499616622777e-07
1.3908240720971461e-07
1.2565671700019024e-07
1.0898425069280717e-07
9.1939347704174146e-08
7.6028823450311400e-08
6.1942537409975198e-08
4.9893803045095660e-08
3.9832190224880680e-08
3.1575237784466147e-08
2.4887365833854845e-08
1.9524789414804746e-08
1.5258979328283148e-08
1.1887320213817642e-08
9.2363879424449256e-09
7.1611617418555349e-09
5.5424703436510955e-09
4.2836796552724973e-09
3.3072021792660994e-09
2.5513019474825030e-09
1.9671756508106350e-09
1.5163791114983732e-09
1.1687967873705261e-09
9.0100359965498638e-10
6.9481233767399705e-10
5.3609744799620507e-10
4.1391680362876190e-10
3.1985028285657854e-10
2.4741228425507508e-10
1.9155750107078477e-10
1.4846855880612438e-10
1.1525470343965252e-10
8.9630712299040993e-11
8.2414239523193814e-06
1.0536303441859668e-05
3.6709671772804729e-06
2.1133588780416466e-06
1.1188377181932455e-06
5.6691016956343664e-07
2.6253594654324789e-07
9.7423633102629587e-08
1.2090061338352561e-08
-2.8956941339571919e-08
-4.5903150635995157e-08
-5.0120911040205779e-08
-4.7941833739445545e-08
-4.2857017620887320e-08
-3.6767670993656160e-08
-3.0680417758282296e-08
-2.5094272361816112e-08
-2.0219438008430649e-08
-1.6104349282450278e-08
-1.2711277284746380e-08
-9.9615782351449352e-09
-7.7622385082352797e-09
-6.0207463381640066e-09
-4.6526358159098497e-09
-3.5845982780146052e-09
-2.7550785261910751e-09
-2.1134889865371516e-09
-1.6189321906353574e-09
-1.2387748620655744e-09
-9.4721213149401708e-10
-7.2402584728929651e-10
-5.5341903425246890e-10
-4.2312030216082305e-10
-3.2368797653803277e-10
-2.4782639382257279e-10
-1.8993757324580184e-10
-1.4574343005094816e-10
-1.1198164321704964e-10
-8.6190905592131323e-11
-6.6462108695088100e-11
-5.1341216541013154e-11
-3.9749720614957447e-11
-3.0851837735991908e-11
-2.4009394691955202e-11
-1.8726774155285985e-11
-2.1324210121493574e-06
-2.7037206358501522e-06
-9.0697512893718462e-07
-5.0938156739985989e-07
-2.5894528813438874e-07
-1.2290911848880962e-07
-5.0011754564432480e-08
-1.2048783967089294e-08
6.3132145223064213e-09
1.4112616827429851e-08
1.6408276342060610e-08
1.5987088878716729e-08
1.4351546568884869e-08
1.2292654426869149e-08
1.0213176318834775e-08
8.3050644433458684e-09
6.6462019482259171e-09
5.2535452274347123e-09
4.1128060891134714e-09
3.1953121430027006e-09
2.4675575369984692e-09
1.8964671399370721e-09
1.4520575066147163e-09
1.1085039950111568e-09
8.4431033087027235e-10
6.4198698340863704e-10
4.8755449364503070e-10
3.7000255597556898e-10
2.8072548222430981e-10
2.1302293339491871e-10
1.6172628816340255e-10
1.2289205342360996e-10
9.3503866575929538e-11
7.1254431821347430e-11
5.4393529544796526e-11
4.1604997533993443e-11
3.1902983646829413e-11
2.4527216011886728e-11
1.8904140860950503e-11
1.4610940502564569e-11
1.1331201121695125e-11
8.8266063591087182e-12
6.8889029324249322e-12
5.3781523524879337e-12
4.2200644705726889e-12
