7
2.0000000000000000e+01
8.0000000000000000e+01
8
0.0000000000000000e+00
9.0000000000000002e-01
5.1603972110381091e-01
4.5981849120293761e-01
-5.7562280218778433e-02
1.0576385733066945e-03
1.8375833465925574e-03
-4.8357958724312700e-04
1.1600354224254726e-04
3.0935371903036566e-05
2.4728401592235924e-02
1.1580090460009891e-02
-1.2862586877888370e-02
6.2298515020615410e-04
2.3444536145790617e-05
-2.8071786943078067e-04
3.0161224226264961e-05
-1.3091647283263508e-05
-6.1485945535266024e-03
-3.2094393228477552e-03
2.9923319010809251e-03
-3.3513589795733685e-05
-2.8087299646400439e-05
5.9377629584483157e-05
3.9931326850464570e-07
1.5792932006254091e-06
1.6615075087096504e-03
9.4534232684938247e-04
-7.5509222583458385e-04
-1.7497032609935435e-05
9.6823875354918831e-06
-1.3463794078658425e-05
-1.6242456646930998e-06
-2.9553570276160468e-07
-4.6853691214594165e-04
-2.8600442821053487e-04
1.9868932932454148e-04
1.1052456998277706e-05
-2.6987660990891958e-06
3.1424214938212634e-06
7.5119005228304222e-07
9.2448193316252106e-08
1.3565867789690829e-04
8.7818943937051548e-05
-5.3642387334382076e-05
-4.6470421429043757e-06
6.6486403790821971e-07
-7.4377909933433605e-07
-2.7312321313451191e-07
-3.6367730211178256e-08
-3.9997529520377704e-05
-2.7220049250662522e-05
1.4734686381026145e-05
1.7169833881438373e-06
-1.4244057633614997e-07
1.7741404498854759e-07
9.0495821255909410e-08
1.4529361028224643e-08
