7
2.0000000000000000e+01
8.0000000000000000e+01
23
8.9000000000000001e-01
9.9990000000000001e-01
9.4898327689478057e-01
3.5515482839753684e-02
2.5764126013334524e-03
1.6319044407950164e-03
9.7598102729062701e-04
6.4883112987383163e-04
4.6151655300454236e-04
3.4397564603112513e-04
2.6520657956521850e-04
2.0977806427906960e-04
1.6928230250902451e-04
1.3880620556659776e-04
1.1531486724309831e-04
9.6847163273166041e-05
8.2087740045439807e-05
7.0126337700066979e-05
6.0316039457710174e-05
5.2186429814889184e-05
4.5388561157574862e-05
3.9659032820948813e-05
3.4795932228908795e-05
3.0642347173622765e-05
2.7074835744265736e-05
1.7489935159287477e-02
-8.5380128481223130e-03
-1.8479166229389008e-03
-8.2566796913994731e-04
-4.8846653078106809e-04
-3.2534155100692643e-04
-2.3256473883905875e-04
-1.7425426717869677e-04
-1.3502537284721698e-04
-1.0729472379273640e-04
-8.6941405522376482e-05
-7.1556097012680106e-05
-5.9647462194477779e-05
-5.0249114428579879e-05
-4.2710839398531019e-05
-3.6581189191760437e-05
-3.1538260099144515e-05
-2.7347210047680740e-05
-2.3833283176152503e-05
-2.0864160791362411e-05
-1.8338112846853958e-05
-1.6175856968360912e-05
-1.4314852837976277e-05
-4.7935010149257867e-03
2.1385364606739026e-03
5.0657704428731234e-04
2.3346726785256807e-04
1.3973204281795290e-04
9.3702104505492996e-05
6.7315005224646374e-05
5.0635103025604146e-05
3.9361673388024830e-05
3.1361892216984505e-05
2.5471098704433296e-05
2.1005550873372017e-05
1.7540499999517810e-05
1.4799833383443733e-05
1.2597245431102828e-05
1.0803050517248206e-05
9.3245607194636251e-06
8.0940109633492139e-06
7.0608751074229448e-06
6.1868265172897778e-06
5.4423487952390933e-06
4.8044017169730071e-06
4.2547837741798794e-06
1.4026115292063127e-03
-5.8411891147335958e-04
-1.4839082742780475e-04
-6.9501850633581881e-05
-4.1885046711775029e-05
-2.8216314770752471e-05
-2.0340028383721268e-05
-1.5341379242680016e-05
-1.1952063780093576e-05
-9.5405249005093646e-06
-7.7607095531928248e-06
-6.4088655496497531e-06
-5.3580990754118254e-06
-4.5257372788321697e-06
-3.8558858420154616e-06
-3.3095674510307789e-06
-2.8588793029699090e-06
-2.4833908817703494e-06
-2.1678483137486501e-06
-1.9006659863689400e-06
-1.6729110699987966e-06
-1.4776027835785028e-06
-1.3092210061589477e-06
-4.2314235349318616e-04
1.6629044604003405e-04
4.4745697102454543e-05
2.1190238304557604e-05
1.2838547469801282e-05
8.6804215925794539e-06
6.2743986003477490e-06
4.7425453777724099e-06
3.7012125373888863e-06
2.9587178279191406e-06
2.4097403153857314e-06
1.9921224337744701e-06
1.6670747146758015e-06
1.4092804453007673e-06
1.2015959309905228e-06
1.0320491691614745e-06
8.9205857188047769e-07
7.7533332929345340e-07
6.7717135933971360e-07
5.9399789001962270e-07
5.2305401687596947e-07
4.6218181763267855e-07
4.0967366613155443e-07
1.2993282302047342e-04
-4.8496482368718432e-05
-1.3714747860359331e-05
-6.5517226077725710e-06
-3.9874405846733700e-06
-2.7043693962056442e-06
-1.9592816389189246e-06
-1.4836090423873139e-06
-1.1595471464993814e-06
-9.2806672249105511e-07
-7.5665628222784997e-07
-6.2608993325938958e-07
-5.2434863684802031e-07
-4.4357626571399357e-07
-3.7844560122349344e-07
-3.2523195160352500e-07
-2.8126238252431401e-07
-2.4457574155635098e-07
-2.1370440731042451e-07
-1.8753212233819078e-07
-1.6519634364832272e-07
-1.4602212939029539e-07
-1.2947511961251625e-07
-4.0362083850390699e-05
1.4367538923035921e-05
4.2480606330935258e-06
2.0445011064892810e-06
1.2492676243425966e-06
8.4960793148270688e-07
6.1678105366815669e-07
4.6778184771898211e-07
3.6607662558046807e-07
2.9331196218246677e-07
2.3935731028767936e-07
1.9821161027256339e-07
1.6611711239729542e-07
1.4061460657035299e-07
1.2003438777347333e-07
1.0320773708460575e-07
8.9295074377089867e-08
7.7680192410084595e-08
6.7900981289728074e-08
5.9606406192819217e-08
5.2524333936893367e-08
4.6442067064406233e-08
4.1191167317336300e-08
