8
8.0000000000000000e+01
6.0000000000000000e+02
14
8.9000000000000001e-01
9.9990000000000001e-01
9.7618490109250855e-01
2.1018789144893350e-02
-3.1810935216038686e-04
3.9623267826620942e-04
2.5764351678880598e-04
1.7453849234189202e-04
1.2447440897876921e-04
9.2592115276593593e-05
7.1142335400038097e-05
5.6053447719105768e-05
4.5053950642519040e-05
3.6801379897954385e-05
3.0462017172142391e-05
2.5495986302421489e-05
8.0710736815546059e-03
-4.7224921094669824e-03
-8.7390795545347994e-04
-3.4960525836149632e-04
-1.9760190336734690e-04
-1.2876214027919463e-04
-9.0738505651569997e-05
-6.7249204651763898e-05
-5.1646917885320383e-05
-4.0732416341488550e-05
-3.2792711960391711e-05
-2.6837489936115326e-05
-2.2259546744027139e-05
-1.8668692679029540e-05
-3.1099454114300422e-03
1.7362483140881324e-03
3.2910476070853673e-04
1.3777741453206260e-04
7.9672395894974795e-05
5.2421170490383725e-05
3.7134122326321910e-05
2.7620811089232985e-05
2.1273267959511802e-05
1.6817776875027726e-05
1.3567473618205475e-05
1.1123578368264622e-05
9.2408123085282401e-06
7.7611415581008540e-06
1.2803977805222562e-03
-6.8889149421773939e-04
-1.3462986683475460e-04
-5.7950836511163600e-05
-3.3844488158037955e-05
-2.2359325514874963e-05
-1.5881693413626901e-05
-1.1838594283147470e-05
-9.1345007605064501e-06
-7.2325018822718455e-06
-5.8424673229139013e-06
-4.7956370016286833e-06
-3.9880248132022883e-06
-3.3525201910486736e-06
-5.4409437662339725e-04
2.8391131203394656e-04
5.7138515502059673e-05
2.5044146211406527e-05
1.4708851980379989e-05
9.7437794495152070e-06
6.9349772292225071e-06
5.1780296994984895e-06
4.0007684160970374e-06
3.1713847983216133e-06
2.5644120780619587e-06
2.1067538727783787e-06
1.7533042232139963e-06
1.4749146340495413e-06
2.3551733151844158e-04
-1.1970348502796506e-04
-2.4746448863932578e-05
-1.0985332286215322e-05
-6.4770062574928895e-06
-4.2999125671330524e-06
-3.0654784629404773e-06
-2.2919174825889443e-06
-1.7727869464409949e-06
-1.4065823210803004e-06
-1.1382821853436661e-06
-9.3578775345398027e-07
-7.7926790672406234e-07
-6.5589373002700083e-07
-1.0318468940437349e-04
5.1241486014516507e-05
1.0854391481242055e-05
4.8645273281121207e-06
2.8768279298751842e-06
1.9133521517083592e-06
1.3659878717732291e-06
1.0224397429561328e-06
7.9158531019440109e-07
6.2855729082216658e-07
5.0900255697892431e-07
4.1869730670756059e-07
3.4884499807914979e-07
2.9374998145408343e-07
4.5593009378712063e-05
-2.2173788759437037e-05
-4.8023722149073198e-06
-2.1684156914820673e-06
-1.2856056689042501e-06
-8.5641902420339447e-07
-6.1217123326067268e-07
-4.5865800956635930e-07
-3.5538377312596356e-07
-2.8238252365423010e-07
-2.2880423067485291e-07
-1.8830535800219532e-07
-1.5695945536248963e-07
-1.3222223753443813e-07
