9
8.0000000000000000e+01
6.0000000000000000e+02
9
0.0000000000000000e+00
9.0000000000000002e-01
5.5790362846989239e-01
4.7763484303893400e-01
-8.0331895804553882e-02
2.8230272114749388e-03
1.6766609935661573e-03
-1.0131404668394411e-03
2.1603477403126095e-04
-7.5805801418435734e-06
-1.7513171684815216e-05
1.3491175062275177e-02
5.2294771396377941e-03
-7.5947192343912007e-03
7.8543467010068935e-04
-1.2663444860257312e-04
-1.8601051932767905e-04
4.7241586109521692e-05
-1.8778553524446949e-05
-4.2820241098974025e-06
-5.0362269838001737e-03
-2.0211690569165949e-03
2.8124734874230813e-03
-2.5782433604299077e-04
3.0285927404923262e-05
6.7347762305109299e-05
-1.5318593314673862e-05
5.4350966674304949e-06
1.7775088510337100e-06
2.0119561491383628e-03
8.3502229702193996e-04
-1.1114885722191454e-03
9.0722178348816364e-05
-6.7647505685356216e-06
-2.6104345056283316e-05
5.2362981519334980e-06
-1.7119632351312368e-06
-7.6410930139052431e-07
-8.3135512207387844e-04
-3.5617276067525903e-04
4.5374842712003988e-04
-3.2853263047135444e-05
1.0242750270075037e-06
1.0472135057633839e-05
-1.8157872126115011e-06
5.6231373583914660e-07
3.3166957227380180e-07
3.5061797066415149e-04
1.5476486576876787e-04
-1.8893761300653334e-04
1.2031663594596537e-05
1.7678714972492512e-07
-4.2887559503462518e-06
6.2725276379875437e-07
-1.8897239972604636e-07
-1.4421242496098074e-07
-1.4992819222629352e-04
-6.8059632024942073e-05
7.9738780741766012e-05
-4.4091519262617217e-06
-2.8977893971860508e-07
1.7805292664055342e-06
-2.1267568815324319e-07
6.4286689648202811e-08
6.2653262160183469e-08
6.4756396291636593e-05
3.0180029217578808e-05
-3.3984992344989769e-05
1.6028879458154803e-06
2.0169951055528710e-07
-7.4630478096117988e-07
6.9468611601608529e-08
-2.1989285415461998e-08
-2.7179347198166018e-08
-2.8183363840500430e-05
-1.3464380475255287e-05
1.4593873954799494e-05
-5.7268552913127482e-07
-1.1540717547491112e-07
3.1500504025843062e-07
-2.1166614260675365e-08
7.5283177323848654e-09
1.1772881152534293e-08
