15
1.0000000000000000e-02
2.9999999999999999e-01
63
9.0000000000000002e-01
9.9990000000000001e-01
3.0624434960469493e-01
8.3068655682998899e-02
2.9464940459742982e-02
1.6555771322543222e-02
1.0897228418163129e-02
7.8008415218279552e-03
5.8824250395551484e-03
4.5955823967655796e-03
3.6834409227470694e-03
3.0101902702025802e-03
2.4976650419456835e-03
2.0978849187557806e-03
1.7798699669989153e-03
1.5227840207431530e-03
1.3121343986349048e-03
1.1375529219158343e-03
9.9144269019096464e-04
8.6812186145483793e-04
7.6326448585375018e-04
6.7352516647433227e-04
5.9628097119839756e-04
5.2945015244794478e-04
4.7136238089407883e-04
4.2066426469488131e-04
3.7624950025347812e-04
3.3720651299660510e-04
3.0277871159713660e-04
2.7233396898758227e-04
2.4534093952295383e-04
2.2135050179712223e-04
1.9998108907206611e-04
1.8090699415301966e-04
1.6384897635524399e-04
1.4856666232646273e-04
1.3485235709010697e-04
1.2252597303090212e-04
1.1143085043639720e-04
1.0143029402839981e-04
9.2404688705845383e-05
8.4249085405301943e-05
7.6871171560458903e-05
7.0189558773210849e-05
6.4132330721475720e-05
5.8635807433082950e-05
5.3643491359464307e-05
4.9105163690239015e-05
4.4976107697317167e-05
4.1216439787209064e-05
3.7790530749881750e-05
3.4666504120784102e-05
3.1815800356494925e-05
2.9212796946333420e-05
2.6834476879742490e-05
2.4660138001612021e-05
2.2671138770768789e-05
2.0850674426498167e-05
1.9183579519986743e-05
1.7656154182864560e-05
1.6256010685245652e-05
1.4971937019174786e-05
1.3793776371724132e-05
1.2712320027023585e-05
1.1719211911242623e-05
1.5830619979963068e-01
3.4758166839639219e-02
1.0365206829812476e-02
5.3580522040795895e-03
3.3292101015987559e-03
2.2805307374440947e-03
1.6594877826897688e-03
1.2582658705175792e-03
9.8289579300315805e-04
7.8530944653840075e-04
6.3863005875915352e-04
5.2678121220815820e-04
4.3962376165404733e-04
3.7048406180736860e-04
3.1481219285136398e-04
2.6941334580652868e-04
2.3198734117749843e-04
2.0084207054825199e-04
1.7470925834993411e-04
1.5262260729504156e-04
1.3383518103521726e-04
1.1776214597212939e-04
1.0394030713624058e-04
9.1999008699180791e-05
8.1638873913577483e-05
7.2616050370236449e-05
6.4730381734250369e-05
5.7816423921627785e-05
5.1736543053387429e-05
4.6375564160624632e-05
4.1636581394773287e-05
3.7437649241935388e-05
3.3709150309327402e-05
3.0391685013414056e-05
2.7434367294336210e-05
2.4793442447514960e-05
2.2431155025169401e-05
2.0314820162921562e-05
1.8416055801392683e-05
1.6710145644687253e-05
1.5175507107829130e-05
1.3793246392512772e-05
1.2546783919685470e-05
1.1421538255379529e-05
1.0404657213074930e-05
9.4847906932323829e-06
8.6518954464838336e-06
7.8970688768830068e-06
7.2124055508898045e-06
6.5908743280740958e-06
6.0262120112196759e-06
5.5128309305231777e-06
5.0457392967270008e-06
4.6204717333770736e-06
4.2330283262108693e-06
3.8798221600676665e-06
3.5576324236936616e-06
3.2635645173996915e-06
2.9950134311036208e-06
2.7496327829293349e-06
2.5253073191142048e-06
2.3201275166217962e-06
2.1323692384293281e-06
-3.4521639725003612e-02
-1.1674882745597005e-02
-4.5688870110622568e-03
-2.6367886704708682e-03
-1.7600052783171458e-03
-1.2708771462168881e-03
-9.6401641263059033e-04
-7.5635485717458521e-04
-6.0819045488884056e-04
-4.9827511157444679e-04
-4.1426329364885399e-04
-3.4851915230700949e-04
-2.9608145754362908e-04
-2.5359590590281415e-04
-2.1871897722537849e-04
-1.8976765682911074e-04
-1.6550466370594098e-04
-1.4500191255997378e-04
-1.2755097417368333e-04
-1.1260274799721292e-04
-9.9725841254304253e-05
-8.8577247745427162e-05
-7.8881301482293441e-05
-7.0414314701897117e-05
-6.2993195844829962e-05
-5.6466899847618542e-05
-5.0709925477512339e-05
-4.5617313194814688e-05
-4.1100758397275653e-05
-3.7085559911497376e-05
-3.3508205083472331e-05
-3.0314442078230876e-05
-2.7457729802982456e-05
-2.4897982097394303e-05
-2.2600544447606330e-05
-2.0535354159169560e-05
-1.8676247445264605e-05
-1.7000386308376699e-05
-1.5487778484092198e-05
-1.4120876935792595e-05
-1.2884242799551224e-05
-1.1764260485492132e-05
-1.0748895215238935e-05
-9.8274885661301311e-06
-8.9905818650075925e-06
-8.2297660343003170e-06
-7.5375521055851785e-06
-6.9072590304918769e-06
-6.3329177941554635e-06
-5.8091874057193666e-06
-5.3312817894387394e-06
-4.8949066936337026e-06
-4.4962041447673839e-06
-4.1317040138419438e-06
-3.7982810875669372e-06
-3.4931178097383122e-06
-3.2136717175946845e-06
-2.9576455994531874e-06
-2.7229619953419183e-06
-2.5077410979418888e-06
-2.3102795854034220e-06
-2.1290328879894707e-06
-1.9625999551593841e-06
1.1190389948340337e-02
3.9566941064254312e-03
1.6440276166610149e-03
9.8372446943960855e-04
6.7287524069055426e-04
4.9480328565564718e-04
3.8076472471931713e-04
3.0228940191388414e-04
2.4550668656219494e-04
2.0287232771776473e-04
1.6994131013846591e-04
1.4393024496194167e-04
1.2301061511022686e-04
1.0593373449199075e-04
9.1819187819232968e-05
8.0029357116321746e-05
7.0091824151288274e-05
6.1649646166042377e-05
5.4428503715452190e-05
4.8214412276165379e-05
4.2838245484001120e-05
3.8164763137769160e-05
3.4084689980377013e-05
3.0508901393969401e-05
2.7364092877763115e-05
2.4589509732798124e-05
2.2134448492029822e-05
1.9956325226571497e-05
1.8019168122738314e-05
1.6292428653941775e-05
1.4750037188855442e-05
1.3369645732712388e-05
1.2132016420563384e-05
1.1020524786103153e-05
1.0020752887919569e-05
9.1201550248580451e-06
8.3077802569953025e-06
7.5740416410853500e-06
6.9105240364071032e-06
6.3098218847854599e-06
5.7654020064573306e-06
5.2714883284065058e-06
4.8229633172795285e-06
4.4152837918550290e-06
4.0444085516480861e-06
3.7067373934035960e-06
3.3990562666689106e-06
3.1184925668606073e-06
2.8624742570202130e-06
2.6286953768032986e-06
2.4150856843285879e-06
2.2197839380438948e-06
2.0411152815167008e-06
1.8775700115347766e-06
1.7277866110853418e-06
1.5905353934970032e-06
1.4647045729806208e-06
1.3492883424586669e-06
1.2433756601300819e-06
1.1461406156619340e-06
1.0568338500519163e-06
9.7477509700376374e-07
8.9934595360529488e-07
-4.5866184125760781e-03
-1.5814515360730314e-03
-6.5596032889888363e-04
-3.9475021765157940e-04
-2.7150131712757567e-04
-2.0061127411101176e-04
-1.5502084753005408e-04
-1.2352148831548174e-04
-1.0064398672332016e-04
-8.3407409054740014e-05
-7.0051332125374387e-05
-5.9470757536566270e-05
-5.0938015379879085e-05
-4.3954997499802965e-05
-3.8169680231130924e-05
-3.3326539913043967e-05
-2.9235837841727760e-05
-2.5753906597576520e-05
-2.2770105722523022e-05
-2.0197956174494491e-05
-1.7968975079659114e-05
-1.6028298047040356e-05
-1.4331513876455401e-05
-1.2842337193788963e-05
-1.1530872578010162e-05
-1.0372302245343316e-05
-9.3458810613904538e-06
-8.4341590800117376e-06
-7.6223740002671599e-06
-6.8979711127572891e-06
-6.2502209384917240e-06
-5.6699134929549830e-06
-5.1491098956263592e-06
-4.6809410557997489e-06
-4.2594421774906881e-06
-3.8794165451579766e-06
-3.5363228725773634e-06
-3.2261809734240065e-06
-2.9454930970230264e-06
-2.6911779410204398e-06
-2.4605143412598263e-06
-2.2510939056619297e-06
-2.0607807782075203e-06
-1.8876768617205747e-06
-1.7300921549472739e-06
-1.5865198907059782e-06
-1.4556134492847196e-06
-1.3361685819013856e-06
-1.2271057052707171e-06
-1.1274561888503924e-06
-1.0363498891663350e-06
-9.5300374567290050e-07
-8.7671264971240875e-07
-8.0684049635275078e-07
-7.4281306061196855e-07
-6.8411155349821824e-07
-6.3026637628082639e-07
-5.8085248952097486e-07
-5.3548484227423440e-07
-4.9381367867229905e-07
-4.5552183267216418e-07
-4.2032119537820957e-07
-3.8794927913809894e-07
2.1485339612899086e-03
7.2368601295788235e-04
2.9628162250992199e-04
1.7753444783918313e-04
1.2186429323923111e-04
8.9955981243497875e-05
6.9478107822248947e-05
5.5348025721161149e-05
4.5094123198824805e-05
3.7372614617561673e-05
3.1391388657659026e-05
2.6653954864150643e-05
2.2833723448429753e-05
1.9707329311413838e-05
1.7117023157348989e-05
1.4948360228747698e-05
1.3116395255599415e-05
1.1556829047485914e-05
1.0220156050837410e-05
9.0676881913853293e-06
8.0687920990524406e-06
7.1989277757760299e-06
6.4382314828601307e-06
5.7704738814658186e-06
5.1822835935775583e-06
4.6625596428162026e-06
4.2020219831263565e-06
3.7928640724034323e-06
3.4284809821340160e-06
3.1032548422526067e-06
2.8123839855785267e-06
2.5517461736817672e-06
2.3177876188167158e-06
2.1074328440177441e-06
1.9180111399159246e-06
1.7471948846584041e-06
1.5929499887900135e-06
1.4534933526940596e-06
1.3272576894260058e-06
1.2128621512158516e-06
1.1090868465790006e-06
1.0148522054471004e-06
9.2920062596212363e-07
8.5128076416219156e-07
7.8033476141351509e-07
7.1568625384153177e-07
6.5673147451344155e-07
6.0292968889844805e-07
5.5379639179218876e-07
5.0889684764192562e-07
4.6784023675300763e-07
4.3027502737234989e-07
3.9588424987694595e-07
3.6438235979389160e-07
3.3551117349792793e-07
3.0903772210455443e-07
2.8475096380244334e-07
2.6245974466103648e-07
2.4199092972079316e-07
2.2318730370076022e-07
2.0590615739849168e-07
1.9001786381416082e-07
1.7540447620947597e-07
-1.0908862796678038e-03
-3.6228040868486523e-04
-1.4683023141537824e-04
-8.7556290720618558e-05
-5.9916802953971949e-05
-4.4133422361422189e-05
-3.4031951243552453e-05
-2.7076692764262367e-05
-2.2038101627522408e-05
-1.8249267555148434e-05
-1.5317858041575572e-05
-1.2998386259219616e-05
-1.1129615391902650e-05
-9.6014173725086670e-06
-8.3361081661977473e-06
-7.2773893327000446e-06
-6.3835140471591378e-06
-5.6229106513720649e-06
-4.9712898362553916e-06
-4.4096841676824572e-06
-3.9230853528248458e-06
-3.4994776292585883e-06
-3.1291409500981550e-06
-2.8041376176751521e-06
-2.5179308336572895e-06
-2.2650965607880337e-06
-2.0411020570081933e-06
-1.8421365119305859e-06
-1.6649762254349679e-06
-1.5068802547012887e-06
-1.3655070673377385e-06
-1.2388468530806544e-06
-1.1251671663831286e-06
-1.0229697786901758e-06
-9.3095338823168529e-07
-8.4798446810004704e-07
-7.7307257815460332e-07
-7.0534958969930430e-07
-6.4405273459567387e-07
-5.8851014236136268e-07
-5.3812820007979812e-07
-4.9238182757262495e-07
-4.5080522229354067e-07
-4.1298425885011352e-07
-3.7855058052659345e-07
-3.4717550768096517e-07
-3.1856529846503805e-07
-2.9245733880384098e-07
-2.6861607799946377e-07
-2.4683028131271737e-07
-2.2691009546856347e-07
-2.0868459235696162e-07
-1.9199998518141929e-07
-1.7671767841512987e-07
-1.6271204847471990e-07
-1.4987008828309271e-07
-1.3808929782383015e-07
-1.2727678333770753e-07
-1.1734856675828260e-07
-1.0822828897383168e-07
-9.9846760319761578e-08
-9.2140917986202718e-08
-8.5053623331175216e-08
5.8393708464606064e-04
1.9233525151113098e-04
7.7466474379787981e-05
4.6040792278845326e-05
3.1435059910402953e-05
2.3114906646619545e-05
1.7800250283491129e-05
1.4146721316018935e-05
1.1503550016324940e-05
9.5182753845326682e-06
7.9838192996873955e-06
6.7707617714096209e-06
5.7941885549332864e-06
4.9961573240979783e-06
4.3358320533751375e-06
3.7836427468988361e-06
3.3176789595123736e-06
2.9213825412782403e-06
2.5820230843367942e-06
2.2896655122732453e-06
2.0364535094286666e-06
1.8161005153878680e-06
1.6235234873179198e-06
1.4545737957592712e-06
1.3058368095130581e-06
1.1744798316724967e-06
1.0581373525750020e-06
9.5482066765426864e-07
8.6284854944990351e-07
7.8079232521533463e-07
7.0743129885879021e-07
6.4171856569260914e-07
5.8275177334649865e-07
5.2975064155388775e-07
4.8203808882827593e-07
4.3902405157553496e-07
4.0019328512897669e-07
3.6509439803969913e-07
3.3333076703028589e-07
3.0455292785713592e-07
2.7845250037520147e-07
2.5475671523479540e-07
2.3322348854939226e-07
2.1363775199026161e-07
1.9580828750238073e-07
1.7956432755839220e-07
1.6475350819893782e-07
1.5123936791678773e-07
1.3889978284813002e-07
1.2762518377754004e-07
1.1731702650287553e-07
1.0788679732815700e-07
9.9254566521447496e-08
9.1348412695968635e-08
8.4103484929783266e-08
7.7460915458616107e-08
7.1367918833234371e-08
6.5776071096342175e-08
6.0641780300151211e-08
5.5925714367234094e-08
5.1591964045442191e-08
4.7607962712851420e-08
4.3943823673698163e-08
-3.2443469586570281e-04
-1.0632088119679339e-04
-4.2658738191714906e-05
-2.5301121964276325e-05
-1.7249697098291882e-05
-1.2670027523089770e-05
-9.7481880082453082e-06
-7.7416070295205497e-06
-6.2911850843360100e-06
-5.2026003348677697e-06
-4.3617737660491307e-06
-3.6974580790253210e-06
-3.1629373182728804e-06
-2.7263533554715226e-06
-2.3652658997810594e-06
-2.0634342242181843e-06
-1.8088301910901034e-06
-1.5923682824092843e-06
-1.4070661879163612e-06
-1.2474769440846859e-06
-1.1092951652581941e-06
-9.8907705702885024e-07
-8.8403881571596477e-07
-7.9190932098232563e-07
-7.1081994918281891e-07
-6.3922101742690509e-07
-5.7581846154702140e-07
-5.1952510284431806e-07
-4.6942207536557014e-07
-4.2472831377836307e-07
-3.8477716050564400e-07
-3.4899656972115830e-07
-3.1689378009632525e-07
-2.8804307583822599e-07
-2.6207455125475628e-07
-2.3866632189227843e-07
-2.1753727053001332e-07
-1.9844103783431970e-07
-1.8116128413473109e-07
-1.6550775194216496e-07
-1.5131211099899577e-07
-1.3842543835406186e-07
-1.2671611978919517e-07
-1.1606681171159257e-07
-1.0637319494798849e-07
-9.7542387227255461e-08
-8.9491298889150853e-08
-8.2145808589100342e-08
-7.5439375669800490e-08
-6.9312053527605215e-08
-6.3710330655667702e-08
-5.8586067111735687e-08
-5.3895844900984365e-08
-4.9600370615947840e-08
-4.5664330768829794e-08
-4.2055968395007137e-08
-3.8746102809712763e-08
-3.5708720276762386e-08
-3.2920132464253433e-08
-3.0358718203898635e-08
-2.8005089029128725e-08
-2.5841545503675368e-08
-2.3851787064650312e-08
1.8531879173685876e-04
6.0526979142507304e-05
2.4224823555109186e-05
1.4349094968002250e-05
9.7739510952762489e-06
7.1740455513533195e-06
5.5165527709028450e-06
4.3789843332808072e-06
3.5571583653800489e-06
2.9406454643761157e-06
2.4646482493987891e-06
2.0887155039601098e-06
1.7863349904067586e-06
1.5394333906148831e-06
1.3352843641568419e-06
1.1646803654231468e-06
1.0208048770256020e-06
8.9850992629581203e-07
7.9384045799660524e-07
7.0371232946578286e-07
6.2568751410614341e-07
5.5781698615817215e-07
4.9852562934457086e-07
4.4652840310598446e-07
4.0076821492511667e-07
3.6036872723069332e-07
3.2459856919755014e-07
2.9284266465877701e-07
2.6458181701101273e-07
2.3937476427395235e-07
2.1684451166700211e-07
1.9666810181684569e-07
1.7856724461747061e-07
1.6230125226803294e-07
1.4766139943967737e-07
1.3446597984729755e-07
1.2255599121480067e-07
1.1179276655352941e-07
1.0205409001307465e-07
9.3232203721129407e-08
8.5232470657804638e-08
7.7970847599703302e-08
7.1372891049978717e-08
6.5372616082894452e-08
5.9911212711143466e-08
5.4935922908893317e-08
5.0400285126975099e-08
4.6262183298650208e-08
4.2484183307049603e-08
3.9032737680686954e-08
3.5877444178654965e-08
3.2991213883727870e-08
3.0349395425767615e-08
2.7930011258893211e-08
2.5713219733541703e-08
2.3680938064915280e-08
2.1816912120119179e-08
2.0106359695258580e-08
1.8535914953914046e-08
1.7093568126092258e-08
1.5768157942484617e-08
1.4549779004445054e-08
1.3429412519704193e-08
-1.0814916230765509e-04
-3.5238619216096222e-05
-1.4079559838432941e-05
-8.3325048658524231e-06
-5.6723595363579128e-06
-4.1616437885538657e-06
-3.1990150534770257e-06
-2.5386184734857782e-06
-2.0616885092285445e-06
-1.7040163279409532e-06
-1.4279382086978537e-06
-1.2099486732141525e-06
-1.0346460727996930e-06
-8.9153358812296857e-07
-7.7322205787951426e-07
-6.7436646585085027e-07
-5.9101000987567148e-07
-5.2016545334135211e-07
-4.5953834830520787e-07
-4.0733941443336211e-07
-3.6215480083635837e-07
-3.2285409015254229e-07
-2.8852410033286964e-07
-2.5841964504085202e-07
-2.3192819417396492e-07
-2.0854154510448626e-07
-1.8783591577570549e-07
-1.6945515486813982e-07
-1.5309814312386316e-07
-1.3850919819846659e-07
-1.2547016707255954e-07
-1.1379381945341962e-07
-1.0331898481742644e-07
-9.3906331783482557e-08
-8.5434891200627323e-08
-7.7799438773451732e-08
-7.0908253140448260e-08
-6.4680423490697866e-08
-5.9045536094317962e-08
-5.3941321472323961e-08
-4.9312943870858268e-08
-4.5111538449710364e-08
-4.1294241007878002e-08
-3.7822731051818270e-08
-3.4662971489869936e-08
-3.1784582514548701e-08
-2.9160601558731547e-08
-2.6766592912228643e-08
-2.4580844288256605e-08
-2.2584027371909712e-08
-2.0758566695827377e-08
-1.9088763788043661e-08
-1.7560475862440247e-08
-1.6160773622480978e-08
-1.4878319628397632e-08
-1.3702642240479277e-08
-1.2624127993702385e-08
-1.1634475449492330e-08
-1.0725891544568670e-08
-9.8915016875739656e-09
-9.1246790021531752e-09
-8.4197995632745102e-09
-7.7714774845895017e-09
6.4202703163429331e-05
2.0882484278823715e-05
8.3332841989542156e-06
4.9287845839955930e-06
3.3539308848050925e-06
2.4599645547154448e-06
1.8905288140155736e-06
1.4999876176225134e-06
1.2180108965105383e-06
1.0065859477834051e-06
8.4342050238115962e-07
7.1460550964741161e-07
6.1102859988680203e-07
5.2648084144156973e-07
4.5659189142653172e-07
3.9820116290239898e-07
3.4896923063995790e-07
3.0712987965040458e-07
2.7132686188049004e-07
2.4050285818961416e-07
2.1382213562639014e-07
1.9061660185915621e-07
1.7034674287660173e-07
1.5257253176724760e-07
1.3693184640388338e-07
1.2312466134449018e-07
1.1090054011326029e-07
1.0004904737274567e-07
9.0392334629085454e-08
8.1779702378141037e-08
7.4082143843787068e-08
6.7188989418766174e-08
6.1005249492705922e-08
5.5448472927702221e-08
5.0447370898353331e-08
4.5939750618597750e-08
4.1871348303143745e-08
3.8194737606848574e-08
3.4868222491503775e-08
3.1854714064430062e-08
2.9122087664085132e-08
2.6641687083893774e-08
2.4387956225384931e-08
2.2338333448395375e-08
2.0472739238029149e-08
1.8773316715496235e-08
1.7223938338973337e-08
1.5810367711278098e-08
1.4519806770844860e-08
1.3340739470625064e-08
1.2262871177934362e-08
1.1276819050080665e-08
1.0374221092328582e-08
9.5476884555206014e-09
8.7903348183115872e-09
8.0958872908917495e-09
7.4590763176857273e-09
6.8746346475012566e-09
6.3379813330756002e-09
5.8449933216645236e-09
5.3920751533730750e-09
4.9757644925261059e-09
4.5928594719873003e-09
-3.8649758857574464e-05
-1.2554083429407509e-05
-5.0051206940570558e-06
-2.9590114379692906e-06
-2.0129730288066354e-06
-1.4761354432769019e-06
-1.1342709695218696e-06
-8.9985530771481537e-07
-7.3063219954497873e-07
-6.0376715185328500e-07
-5.0587154781155615e-07
-4.2859318415973280e-07
-3.6646067560943886e-07
-3.1574696173221561e-07
-2.7382848939556352e-07
-2.3880814483889666e-07
-2.0928211272693672e-07
-1.8419055708782749e-07
-1.6271989546959886e-07
-1.4423529090763388e-07
-1.2823560401643019e-07
-1.1432031719448625e-07
-1.0216540745566292e-07
-9.1507041831821443e-08
-8.2128207157634329e-08
-7.3848671830962363e-08
-6.6518393551666176e-08
-6.0011216863650116e-08
-5.4220553793600348e-08
-4.9055804266819306e-08
-4.4439722594405103e-08
-4.0305887920072946e-08
-3.6597642430137544e-08
-3.3265188773617089e-08
-3.0265848467816640e-08
-2.7562448756115564e-08
-2.5122637216031061e-08
-2.2917521167041333e-08
-2.0922195365461437e-08
-1.9114793876891745e-08
-1.7475815149579349e-08
-1.5987997288016163e-08
-1.4636140288637072e-08
-1.3406605428119067e-08
-1.2287435727965767e-08
-1.1267877926427872e-08
-1.0338457694347873e-08
-9.4903644370355905e-09
-8.7161349236613079e-09
-8.0086947899368857e-09
-7.3618224044804995e-09
-6.7701829285837629e-09
-6.2286658893528886e-09
-5.7326380456748384e-09
-5.2781756592247909e-09
-4.8614459628429488e-09
-4.4791792520519936e-09
-4.1283415428805718e-09
-3.8063292432850828e-09
-3.5105068586810876e-09
-3.2386601402528305e-09
-2.9886466863972243e-09
-2.7587762878933932e-09
2.3538801075124140e-05
7.6374880579527371e-06
3.0426986620873970e-06
1.7982087864686829e-06
1.2230246937686363e-06
8.9671855462136706e-07
6.8896515712540610e-07
5.4653226035638234e-07
4.4372436650838368e-07
3.6665853122618887e-07
3.0719613755055534e-07
2.6026025518734971e-07
2.2252576379555267e-07
1.9172806815197949e-07
1.6627270511177660e-07
1.4500699771739600e-07
1.2707828360698359e-07
1.1184281249856563e-07
9.8805898598986183e-08
8.7582550578932864e-08
7.7868095460325819e-08
6.9419104581027889e-08
6.2039177882731929e-08
5.5567985479826678e-08
4.9873439262955268e-08
4.4846492978053739e-08
4.0395893937833459e-08
3.6444921735858951e-08
3.2928992897458024e-08
2.9793067099798169e-08
2.6990259074600384e-08
2.4480309878946840e-08
2.2228627866042422e-08
2.0205129355466541e-08
1.8383833633812124e-08
1.6742293750519223e-08
1.5260674883563757e-08
1.3921581297996169e-08
1.2710026171010672e-08
1.1612300890735501e-08
1.0616860083058046e-08
9.7133217855939505e-09
8.8923419206661573e-09
8.1456190897284003e-09
7.4659151226882968e-09
6.8467733582477300e-09
6.2821105335577415e-09
5.7669440793813635e-09
5.2966836426145678e-09
4.8669528587462510e-09
4.4740805102800469e-09
4.1146155260230564e-09
3.7856276685526581e-09
3.4842616929494572e-09
3.2081239285238240e-09
2.9549915629554934e-09
2.7227367617754093e-09
2.5096335903194983e-09
2.3139546144319398e-09
2.1341724763639880e-09
1.9689436145022578e-09
1.8170024774739605e-09
1.6774442204676639e-09
-1.4477132038764005e-05
-4.6930145510111628e-06
-1.8684486312062251e-06
-1.1038817113719743e-06
-7.5062331258462461e-07
-5.5026336674052526e-07
-4.2272118504995364e-07
-3.3529310289081651e-07
-2.7219543800298699e-07
-2.2490218172812647e-07
-1.8841521937076126e-07
-1.5961735157996396e-07
-1.3646694555660024e-07
-1.1757335053676903e-07
-1.0195828829975459e-07
-8.8914129692735350e-08
-7.7917545900227424e-08
-6.8573314430030728e-08
-6.0577851255533750e-08
-5.3694907262888784e-08
-4.7737545721983307e-08
-4.2556687009119638e-08
-3.8031346466988589e-08
-3.4063288898787333e-08
-3.0571734383304013e-08
-2.7489580363958833e-08
-2.4760915745143664e-08
-2.2338635186918670e-08
-2.0183091506054953e-08
-1.8260651634962670e-08
-1.6542420846761174e-08
-1.5003743463069406e-08
-1.3623407337846019e-08
-1.2383060116993789e-08
-1.1266722774883887e-08
-1.0260568148785468e-08
-9.3523430065482265e-09
-8.5314194510471818e-09
-7.7888789822951393e-09
-7.1161884292372194e-09
-6.5061428474232949e-09
-5.9523116009639278e-09
-5.4491077000658081e-09
-4.9914545613128512e-09
-4.5748752534110136e-09
-4.1953058718766917e-09
-3.8493239892357127e-09
-3.5336515977412363e-09
-3.2454828854551476e-09
-2.9821475858984604e-09
-2.7412640825524234e-09
-2.5210225229945180e-09
-2.3195029237590432e-09
-2.1348079267415644e-09
-1.9657238395506216e-09
-1.8105601036282913e-09
-1.6681912468600449e-09
-1.5375765717207133e-09
-1.4176490843461343e-09
-1.3075064892092278e-09
-1.2062577173095116e-09
-1.1131636879216777e-09
-1.0275516124138782e-09
